589
600
573
326
586
674
835
489
431
699
707
598
15
614
548
619
122
462
224
765
25
92
964
165
314
913
369
147
37
978
955
630
302
460
187
118
485
732
626
166
386
792
242
934
999
975
755
770
351
793
989
170
608
742
737
226
463
762
330
258
700
520
743
289
316
112
807
998
741
38
43
45
491
800
765
565
208
45
337
76
56
626
722
106
204
434
318
373
580
7
341
151
682
729
465
777
351
581
767
330
729
191
308
570
965
15
104
59
490
629
495
507
905
69
224
605
93
309
365
766
916
705
423
287
984
18
137
26
132
65
164
956
293
741
563
792
136
375
823
226
333
943
353
695
216
949
551
834
108
37
356
594
866
433
900
39
120
40
49
817
129
640
427
581
84
242
223
639
407
426
339
58
960
789
14
784
661
876
867
610
233
170
305
737
318
151
43
386
144
21
220
852
845
3
692
422
217
96
817
158
235
147
954
663
544
606
891
910
988
703
946
539
772
214
344
92
624
904
366
651
228
734
956
321
920
202
676
464
573
638
752
963
2
141
827
209
549
340
395
392
382
466
816
881
292
541
394
804
820
119
430
27
5
835
617
537
665
470
956
308
70
607
139
253
76
831
523
911
134
545
300
372
822
72
428
947
209
223
696
601
76
594
263
257
845
428
519
995
34
112
288
426
881
167
674
443
10
710
824
948
413
979
681
235
341
346
589
291
875
618
157
776
59
433
760
974
548
806
274
559
102
872
328
30
578
576
707
324
280
109
755
546
241
114
864
274
266
660
796
934
247
727
460
801
76
358
209
926
162
607
18
192
409
961
438
1
148
331
788
468
426
460
343
458
924
403
581
21
890
651
218
606
394
867
323
777
671
991
405
426
25
154
933
250
687
479
759
241
924
394
218
591
803
204
56
548
219
576
336
923
68
283
860
479
512
838
608
458
646
604
5
466
458
619
70
345
926
675
763
189
95
753
161
372
363
906
85
870
353
159
117
281
982
482
346
670
696
817
821
618
732
895
604
792
154
530
846
882
414
663
61
598
993
117
769
118
680
755
309
570
182
278
562
995
291
860
205
503
926
404
802
176
308
523
698
628
793
825
464
712
151
762
693
20
598
318
239
878
526
52
344
832
34
94
390
986
393
462
937
577
526
529
612
431
704
40
69
750
297
51
347
837
220
102
796
984
298
771
955
283
47
985
261
19
414
539
474
585
258
895
842
89
215
239
250
485
895
567
645
452
788
969
370
518
85
105
428
571
486
776
313
479
381
362
637
106
9
530
947
628
225
524
638
584
556
766
614
593
669
171
824
140
924
130
580
336
250
52
914
399
629
132
415
127
856
151
227
545
333
288
