10000
5081
1730
8533
8734
4201
8536
576
6158
1293
4890
5038
844
8360
1437
4845
263
7994
4924
6322
5079
7012
9657
7610
7598
2513
4364
7562
5402
9050
9702
1990
5248
7011
1240
5579
6816
4110
1159
4724
6951
2320
5305
9471
5119
1811
6709
5772
7463
2428
5223
7006
3310
5134
3698
6447
9935
3776
3941
4616
6367
4953
6920
2515
6206
1413
3618
5826
6706
8417
8737
3351
1080
6207
6823
3553
9878
1220
4639
8712
5076
7539
5730
627
8199
6228
7766
9752
2807
2022
2228
3411
1028
349
4335
5292
2549
1526
7456
1342
189
4229
1159
2329
7985
3017
6178
8098
5779
3942
8595
9892
2770
7334
4034
5630
1715
708
6511
160
3817
4405
7122
3098
1526
609
1469
4008
2711
296
9194
3490
8224
6472
4652
7912
4242
9126
9670
6838
2475
5832
9862
9186
5617
1176
7409
6422
6230
3850
5555
8614
5381
4690
5168
9721
3119
6533
3995
7966
3637
9388
3598
6841
3782
722
5855
3423
8995
9697
9948
7729
1948
9964
5197
2751
6434
6000
5045
1974
5163
6893
6042
1140
643
8211
1187
168
6994
9310
5985
6356
351
9055
9728
9276
2544
4002
1055
1987
3848
6915
9305
6199
3429
5110
841
7287
8438
4051
7309
538
5253
8824
2190
7108
5587
7463
5901
349
3334
9041
6914
8466
489
6394
198
8120
9818
9298
775
5152
3401
2286
5894
5550
6498
5878
310
1516
4873
3748
3207
2539
8839
2343
148
3569
5367
7373
6664
3505
3603
1019
5082
1850
7998
9898
2073
3211
9899
7600
1318
9611
8100
6442
7801
5833
3347
6661
268
4819
5099
7354
472
2154
6027
3111
4017
3042
2133
2997
9134
9750
7244
7328
7683
2953
5275
9221
5341
4175
8951
521
9130
1723
7589
6691
428
8424
5323
7299
6079
982
194
7356
2019
6560
6386
1467
8920
2109
7242
4168
7186
9867
2710
3602
4552
4081
2316
8997
5890
4577
2728
4125
653
3484
338
437
3584
6657
1400
9016
3642
9961
1959
2087
1382
6361
927
8167
494
2772
2747
8009
4540
6372
3670
6484
8732
9874
4591
8280
4547
970
7283
4288
1395
7898
9418
5100
9077
8904
3335
5076
4370
6218
9054
2981
2937
140
613
2781
2873
5863
1630
7687
4951
1224
3294
4010
2021
1688
6269
1939
6151
6196
4492
3456
4786
2197
5488
9356
512
7392
5147
5964
3811
1195
3958
1150
6631
6772
2093
9196
8563
137
9098
1126
3849
1802
3987
5863
8960
7564
722
7118
7704
9167
1272
9808
1717
8736
8143
8466
272
232
3910
2119
6918
3627
1647
306
2740
8756
2358
8985
3452
5314
5242
4650
5584
9912
5844
3011
6234
8728
2436
1958
2412
920
5120
9756
7228
1464
8307
2047
3661
9640
6590
6302
1368
5256
605
8617
6189
7753
6881
3986
6614
8838
6051
7747
5889
8398
9808
9881
665
7396
5790
332
6181
4694
6456
6937
7607
1864
3895
6260
8992
6531
3868
8146
433
3528
4220
7321
249
8014
2916
9618
2763
546
5601
4543
7204
2037
3505
8212
7912
851
5204
107
6762
6971
3222
4295
8606
7705
4807
1697
7243
5164
5797
2048
9347
8695
6878
634
4461
3820
5972
6429
6751
6750
180
2947
5256
8539
7839
5836
7866
9913
2809
9135
7183
7273
1821
5211
6509
7733
8919
2733
2384
9264
6621
7507
851
262
9353
3407
6735
3421
812
9761
7051
2702
8187
98
2987
9720
9102
5717
7893
4485
1581
4517
9966
4270
936
5583
8897
2821
3494
4370
7740
5696
5111
8817
7346
5676
9789
1336
4575
2671
3659
9094
5534
2960
2499
4803
2854
445
5342
5477
2856
5705
7822
2844
4382
6934
1795
8615
4389
8491
705
6270
9240
2538
3121
9377
5582
478
6014
3370
2407
1422
2373
5492
3916
1548
9675
5722
7188
4513
2776
5773
636
8177
6983
1061
2713
4575
9047
2569
588
582
9248
1034
1102
4294
7080
9879
4702
1673
3196
1120
7162
1299
643
360
7288
305
764
3235
9489
5732
8459
89
8988
1866
5277
4729
7286
2175
6119
3788
1433
6526
9867
1526
5097
5636
4463
1410
3122
7399
3874
2575
4408
6926
4836
4292
6994
1037
676
2361
4776
6804
6602
1769
5938
2924
2296
819
6893
5465
2558
2757
2153
3254
8806
4527
2001
8525
6785
7711
1224
2185
7930
5393
1625
4894
6887
5581
9282
5540
6403
8781
2014
3296
3080
8947
3114
1499
4425
789
5690
3893
3049
8828
7685
402
933
4194
617
3684
9206
5641
3495
8109
3551
8215
5914
1009
9043
4691
4469
7692
9219
8508
833
6467
7010
7010
2522
3793
1961
1054
5891
8958
1022
1445
5259
5117
7234
2982
7187
9450
302
8179
1643
2899
7768
4465
3644
2450
480
4839
2340
8710
789
7162
786
5341
82
6436
5101
9397
578
9372
7295
2336
637
1954
9228
7038
2405
6756
2816
7873
4344
4434
3878
1779
8346
8904
3395
7001
5019
2135
7397
5870
3626
563
1907
4237
3263
8763
7453
5756
8058
9136
7019
222
6042
762
793
4334
2426
9778
7726
1158
1781
7680
4324
7934
6664
2575
3979
8432
7920
7007
4357
761
7696
8256
1216
2964
8268
6064
2613
6009
968
4923
8879
7706
181
8606
8948
578
4302
8045
7459
7051
2436
8026
1698
9269
5339
9466
9848
660
350
3328
7525
1333
2596
3466
6573
7318
7386
836
2424
4515
9483
5238
4124
7208
5586
9035
1993
911
2529
1462
4028
6725
6205
2187
6135
2217
733
3926
7003
1964
1021
8685
4400
2155
7900
3913
1855
2574
1955
7247
6989
2685
8922
4826
3223
9850
9807
8169
3719
9541
6177
858
5102
6747
929
6133
6345
2152
81
108
4403
3959
8416
7443
765
4302
182
4481
2636
9477
4791
7898
397
9592
5161
5590
174
5434
4720
4122
653
3585
7692
9242
2381
1257
1617
6234
3271
5581
2038
2342
1039
4593
4110
6312
5418
2464
6626
4216
6547
8102
7554
6169
4480
5010
5410
572
7171
8208
5283
3031
1353
4417
7057
7355
1373
7739
4223
1634
731
4387
7268
2723
1515
7739
3511
7361
1958
1684
6754
7995
4050
4150
3164
1771
1222
144
99
5881
1144
9650
3239
9467
427
8028
8316
5413
7572
7606
2074
7790
8718
8370
1494
4082
5288
4475
7769
5563
7871
8247
9103
1867
6883
4168
4868
491
3085
1237
9829
944
5261
9264
8258
2651
7848
8110
4282
9711
7818
560
5344
430
348
1211
2845
7867
9088
3644
6072
8211
6674
1625
5533
4538
6760
7317
2092
6589
7581
4524
2111
3934
2767
4401
9186
1473
7530
1560
7053
4924
2255
4120
4754
9246
3909
6954
7983
1984
5124
3629
3294
2623
7043
1143
2741
2097
4103
3257
3736
2279
3770
8943
7446
8094
2999
4033
5818
6593
3063
8893
9830
69
7784
4536
5165
9445
619
3610
3037
3410
3407
3674
5069
6360
7132
1642
5706
5155
3285
8434
1767
3068
2671
5707
7231
3295
5873
2373
1808
8052
9545
8742
8729
1751
298
5918
8585
8278
2465
2299
9443
8458
6463
6089
5185
1549
2456
4037
3096
4051
5223
3013
3594
7093
8068
294
8956
9466
5433
2109
8767
2837
5799
1287
4946
9711
8489
7963
4967
5421
1936
6336
3448
8323
6745
2488
5181
5130
9772
8855
9777
7094
1004
8699
3240
987
331
3450
2327
8355
4141
85
97
9657
5013
4493
1818
5800
3907
3501
6454
5655
6688
9339
5257
2481
8102
7635
438
2806
8540
9271
5925
9416
8975
4686
404
5930
5528
6198
278
8657
9432
3964
231
4772
2328
4528
1917
6974
1330
8457
478
6710
3250
1964
9388
2273
5026
4763
7711
3445
103
532
6908
5102
5130
6796
6471
2716
7519
9663
9757
2426
6087
2159
6129
665
7649
8477
6345
3438
2058
9679
8726
7095
4772
80
4380
7149
536
5047
8423
4782
4965
2516
2880
394
1492
6093
2480
4745
1291
3700
9529
7629
6859
261
5190
5131
7308
1341
8248
635
7701
7743
5632
4798
248
5205
8261
8156
2977
512
1853
2002
2023
8982
1973
6693
7443
7967
3320
4431
9293
6339
7590
5259
5675
6296
7839
4715
9847
4373
5917
454
605
7148
6168
5364
6333
5980
1030
6737
4879
1422
6585
4824
6748
7427
5447
9336
8612
9373
6046
5314
6785
3885
6355
8598
3551
5838
4082
7006
2373
1592
9978
4388
7930
4990
5629
1396
3301
5653
661
9487
5563
5427
7691
7728
2557
5648
5737
8340
4565
6071
6613
2385
4925
1279
469
7812
8224
1592
8553
5252
1164
2796
7089
2551
9365
2655
479
367
2548
3681
6364
9923
8850
8636
4559
8548
9923
5130
6757
5282
8858
9102
6282
2708
7368
7504
1254
1251
6320
4625
9179
513
6283
3305
1167
8116
4592
3588
7866
2025
1004
1422
5628
3060
3939
5941
1057
4545
1272
5764
3895
9662
3457
1357
1744
6755
3046
6588
8043
8277
9815
5721
3333
7695
5552
9813
4767
5241
188
5515
5334
3631
4690
3903
5524
8925
9841
1259
225
172
7170
4123
1593
599
5355
3031
9517
4792
3769
1324
2072
8676
9735
5932
2471
1026
6247
4684
8549
1376
7114
9420
9784
3651
7720
8163
3997
8743
72
2261
3325
1917
9953
9371
531
1548
5012
1988
2149
8091
8815
2902
7746
123
6824
8017
3482
8271
2583
4930
3421
2736
5585
6858
3099
8825
7895
4214
8082
4457
695
6839
6125
1655
8008
9917
4629
7608
4081
7265
5330
5797
1770
1557
9074
231
1974
4480
5298
7257
8616
8128
8950
6064
268
6619
4578
9618
736
3932
6652
6246
6234
2015
8162
6621
741
7572
2085
7830
812
9599
7336
2726
5399
8746
4061
359
6397
4407
1681
7767
4763
8013
4790
6204
4379
1014
76
5665
4757
753
830
2904
7288
9091
6632
4673
9640
4306
5098
9552
9274
9063
9761
9515
8594
1197
622
9682
9349
7428
8299
4714
2688
4533
8415
979
4641
6173
4412
2390
7520
2220
3029
9049
8447
1868
828
6016
589
88
4664
9375
4077
7130
7928
8980
5405
5107
7735
7197
3300
9982
8359
6246
9971
8990
9547
7128
1004
3923
4894
8887
4015
3416
4084
4372
4891
2716
3967
4455
5946
7684
3980
4492
6932
5104
3210
1715
1985
8863
6919
2250
8390
9076
5297
4537
5745
232
8026
6519
7476
8016
5992
9635
2547
6456
3547
6221
5190
8423
5977
5222
1201
2030
2385
1269
5600
132
6511
8516
9726
5013
2978
3554
8553
9345
9435
4709
1015
1147
4938
869
8003
3127
4427
5754
8016
6063
6880
4785
5473
1130
249
6995
3166
3925
5612
8039
3576
8413
1372
1170
6092
663
3744
7451
3395
9146
76
6864
4048
1773
5545
2874
4430
1138
9661
2090
4767
1955
869
4413
3931
7503
4153
1662
8740
9797
8532
9703
8167
4375
5815
3320
1324
1157
3341
7071
4126
8059
4842
1563
180
9660
1518
2140
3277
2107
638
4536
1940
2522
6518
2014
6466
5410
6768
8922
7009
673
6537
471
6914
5651
5206
8295
8985
8522
7098
2973
9556
503
6800
163
6406
352
5966
6587
9346
7354
2467
9898
2628
6947
8826
8110
1993
6276
9066
3760
6397
8720
3091
7547
3522
986
739
9401
3747
6867
2326
912
8708
5820
6730
7140
7764
9075
8061
6220
4350
9777
699
1756
8272
3378
307
615
368
1553
5575
4481
3627
6879
1272
8413
3472
8890
4535
2114
8043
8943
871
8268
1327
4756
9410
8020
7530
7851
7132
6821
2796
2287
80
1110
9608
4225
4681
9412
4552
3838
3416
1292
1975
9733
1905
5177
8281
5188
9384
1707
6778
7777
5415
4643
3892
6868
9319
2945
7738
7885
6020
71
5445
8092
4702
9670
3638
7203
5073
9628
5878
7405
4686
4440
4346
4823
8163
8865
2382
9675
1597
7727
3817
3865
7891
6537
7377
1281
225
6984
7494
4228
9507
6606
7818
6800
4580
6124
4716
1747
7887
4844
3360
8430
4657
9898
8170
6102
8241
4782
2291
4924
3586
1467
5816
4845
7915
7106
7759
8515
1361
8339
9428
863
9104
6696
9473
789
6964
1782
3717
918
6080
3345
9915
2870
3813
7148
4710
2923
1225
3806
2149
5018
1452
8903
2514
7828
8612
6767
1578
8280
5283
5812
2822
1597
3507
3752
2774
4428
9649
6681
4269
4304
1847
7102
5610
8425
1567
4031
6633
5311
7355
8738
4000
4521
923
2236
432
4799
9014
9865
3806
7999
6303
5419
7137
2125
2408
3133
7948
8108
2301
1835
61
6704
2847
8855
542
5357
9171
9029
1696
8051
8617
150
1830
7561
5894
134
845
8386
4271
6808
1507
1510
1703
1397
3386
1659
2926
9399
5817
3798
8230
9552
8240
1370
5600
8931
8410
8608
3213
4229
5487
2493
2840
2561
5078
308
1328
367
9593
2997
143
4585
2725
5069
3273
7241
3067
3311
1513
4141
7046
4060
1801
9954
8079
1104
9837
7398
1993
5425
307
1004
9807
2920
5475
5891
9980
325
6696
4852
2228
7314
3279
2280
6199
4333
3899
4166
84
3510
6824
6085
2647
1416
1475
7230
9777
7973
4244
4131
6321
4159
8450
8606
9845
2369
1860
5396
5875
9741
4440
6035
1485
6152
2228
626
8412
9083
850
3031
6202
4716
581
4647
9318
1151
6744
5471
2809
4745
9447
1048
2335
9770
1926
7248
5631
9434
2484
2349
8366
3801
3017
6544
6307
2612
2493
4362
5279
9388
8306
852
1267
4540
5762
2265
4951
1829
2311
4332
6926
692
7904
3853
2324
1209
405
7924
8884
4709
5512
5872
7071
9125
5864
5388
967
4370
6452
5982
124
8561
3563
1795
1751
2508
1453
5445
9534
6478
1098
7682
3112
9089
2181
2029
7015
9656
4580
5170
2378
9102
3742
7001
9558
766
7610
256
7241
3879
8708
6550
6689
3456
7866
1171
7179
6777
9272
7922
2294
635
7083
1903
1161
8927
1205
7147
7404
402
8200
496
6161
1463
9203
9862
1323
3717
1831
3882
515
3398
5611
4092
6936
2520
6999
9800
8081
1727
9909
1990
801
588
9867
711
5675
1880
4763
7554
7198
4723
433
190
2277
6761
6305
3681
6447
290
8763
8811
3713
9581
8767
2417
7662
6920
9648
7074
6904
6263
3008
1137
2843
2247
1971
2837
4451
2372
7376
6156
4445
4645
8720
896
5158
4662
2103
8490
1050
9489
6382
6161
2211
5644
2043
6669
7955
4392
6406
7656
1189
4716
3571
2791
7711
268
7740
7106
5650
2648
9919
749
7271
1987
7412
9859
2953
5725
5508
3676
5903
697
5064
2266
3153
604
5458
6189
7497
7042
5465
540
1730
3284
7090
2216
9421
3354
1256
9175
8001
3843
4828
7752
553
8182
1884
2599
294
9402
2951
8840
8967
9780
7985
1031
8095
7855
2467
9374
2297
3402
3500
1685
7443
4931
3647
8141
2375
1079
6536
8151
2305
4028
653
2624
7575
5420
8204
1265
4165
3630
7131
3849
783
878
5915
1985
4314
7692
7665
7690
2125
7491
3263
5558
3194
1532
7867
1725
8281
7621
8063
6403
6747
8047
4388
486
8958
3245
8396
9372
6344
4625
3595
1305
3503
7998
6185
5502
7936
2373
3534
5203
1224
3337
4298
8956
5578
7349
8221
6103
7927
6696
625
2416
2970
2246
9079
4665
3515
7126
7167
7095
8340
6346
9913
2222
8312
2351
185
5503
3794
4895
5425
3371
2729
275
1290
1751
1004
9860
2696
7146
7171
6284
273
7723
8262
6434
4285
8884
634
243
7963
4430
849
8300
1665
1634
3958
574
1195
5694
642
7806
461
4846
9159
1157
7464
554
6822
6332
7946
4924
5985
7745
2937
6285
8238
7542
4922
1462
2074
4288
4595
4980
4044
6346
4702
3598
5712
9873
2769
3513
1989
6783
3218
6985
5973
8073
1634
169
6731
8623
6053
6469
7455
9008
8999
8008
2054
9170
5021
4717
8861
9896
879
5732
727
7352
7557
6134
4347
2764
5264
3048
2720
3533
9335
3024
9263
9684
8537
6308
2843
3790
6235
9810
3258
7511
5735
3745
7846
2872
6715
7844
4238
1445
8872
8879
5247
9455
3562
751
4373
2021
7153
8001
3455
9050
8835
9110
8281
7833
3016
9842
4356
5592
7578
5409
8783
3405
3964
9684
9710
6404
6534
5459
9130
3805
8932
4896
4372
808
8968
5232
991
2466
5133
443
2280
1962
2050
3999
263
5541
7454
8432
9179
2372
3234
5238
3292
4272
4866
6071
8132
9019
2124
4007
7735
6603
5070
6381
7431
4146
9092
5926
5562
6978
4998
3314
4976
2693
4614
4902
230
5826
6437
7843
7843
3081
3993
5137
3557
3285
9181
7032
4547
351
6073
1892
5959
9459
2556
7486
7793
2206
3717
1923
9735
7064
4746
540
7869
9407
5507
6094
5068
7836
3114
2367
4067
2921
6689
6062
5784
3258
3387
5516
8767
9541
902
6896
8796
2355
9257
2320
2082
1534
1777
6247
4199
9586
8796
2501
89
963
6553
5070
614
4155
3834
7158
9292
2190
1577
4122
9649
6329
5691
6342
2934
252
1291
2559
669
4877
4013
4194
8751
9232
8370
526
929
9625
6071
4793
9168
3094
5739
9336
9795
5451
4356
4258
9050
788
4534
1225
7490
4905
8866
5838
1962
1813
6508
7591
8862
6203
7078
2870
4123
2043
7449
6318
3085
5321
5210
8946
6327
9251
1635
9898
8369
6991
3327
2564
4760
1536
9643
6234
7853
3687
9406
6158
5139
8579
2121
4141
2084
8605
1234
4320
678
4465
3434
8221
6919
7484
5130
4398
200
329
3340
156
2674
9305
8320
6059
8752
6587
2055
8362
8738
3674
6996
991
7347
1026
4118
1094
307
5607
2796
7647
4989
3543
9903
3331
1862
1152
3107
2407
7018
975
6709
1693
7372
9069
2364
1842
758
1180
536
1528
6069
7266
3830
8679
1664
4750
9979
2385
5224
9614
8724
3172
3803
4274
1963
8606
7775
2901
1295
8329
8630
3322
8818
4358
7454
7622
1741
7975
4428
663
2076
9075
2391
9854
7163
205
9186
2807
3119
9026
8448
922
2867
2792
1829
1830
5435
1460
6559
3222
2419
5581
3818
298
4405
4021
1518
4793
9041
9233
995
7817
3598
7310
9698
1441
6570
792
8115
4755
2075
269
5982
9476
8332
628
1907
5057
9093
4969
3841
2323
6731
4142
7181
3077
3628
6111
2526
800
8458
4310
5993
3696
8523
8750
7752
5467
7801
5007
1751
8106
1819
6385
1399
2220
9560
2142
8570
3116
6113
1731
1065
9947
1614
8685
6936
2860
8924
7316
6452
5058
1606
1128
8761
416
6512
1940
1406
201
1757
3171
9604
5400
4391
2501
609
8549
730
8235
2662
7472
4851
9361
3675
5216
9523
4603
9570
6891
6833
1917
5909
962
4589
9828
9287
5760
1989
273
5748
1681
7413
7877
690
5630
134
6106
9438
2541
766
9711
7762
6855
1144
1723
264
9835
6397
6639
8562
5602
8558
4867
6192
5009
77
7769
6893
7009
5569
5221
7894
5856
3618
1242
7351
2132
1754
6983
9460
1177
9112
3817
7355
9334
8769
3978
8428
244
6447
8738
8226
4419
1088
8046
9022
4463
9678
4928
4883
902
8584
3627
6729
311
1239
2071
4992
2666
5990
9252
1736
8439
5187
8097
469
1071
2946
988
7320
6992
4155
4436
4001
9238
2980
3505
1652
1142
1722
7154
6826
2388
835
6183
7488
1296
6168
5795
8733
9797
4115
8900
8837
9759
1733
8439
369
1093
9450
2154
9274
2101
6856
2737
9757
1869
8351
3078
1895
9611
7052
8194
4848
5502
5728
6639
1281
245
5804
2525
6011
7833
9363
1702
3531
1919
9265
5996
1119
386
2482
4813
4209
6302
2354
4653
9022
7179
8219
3408
1832
7846
7872
9136
1846
8036
8755
4511
4917
3871
6806
6940
7703
2697
5237
7050
1503
6990
2782
2854
7282
8735
4179
6240
6696
8658
3266
821
4948
8673
1900
7929
4548
8330
2357
2369
1482
9760
6591
2379
9353
2927
127
4331
531
1757
4142
6616
4430
2473
6884
7697
4734
8783
6691
8618
3033
5879
6377
5029
7475
648
8501
4550
8738
4403
9641
4540
3508
8557
1390
4441
9617
7676
9360
7590
2739
4491
5601
9477
305
2514
2705
6463
8210
8716
502
7770
5353
4731
7910
6537
9436
1548
3010
8281
5374
2424
1984
7381
1448
1600
1466
4996
3640
3894
5090
4813
4703
1022
8698
3648
8242
2388
9211
5610
8250
4194
4862
1995
3547
9377
7155
9433
9003
9836
3509
6705
4770
3948
4358
4636
5198
1631
3667
8367
7878
259
1122
102
1725
3839
632
4345
3930
7847
1561
360
7841
3613
1543
5199
144
9952
7634
475
8940
9858
291
1650
6382
6112
8254
8239
9118
9819
8768
1015
9429
9768
5471
2140
5972
5644
8587
7493
1088
927
5120
300
3600
7600
9288
5740
6195
6011
6876
9760
9607
346
5373
9186
5419
8074
5866
5973
2425
8538
2663
8702
6840
5088
7285
7985
914
7051
4455
1491
5833
6539
7764
3307
8405
7755
9860
3853
7078
7605
2803
9298
2156
3274
7680
4181
6041
7547
5032
923
3337
9179
6280
6738
7804
6811
8920
4272
6603
6121
2809
4244
5118
3169
3855
6233
6730
9907
1342
4577
7545
8042
3015
3954
1490
6035
6913
9631
5382
4910
6623
7200
9609
6886
3039
646
2503
1397
8803
7481
9224
2707
2321
1610
8763
8842
5606
1104
6707
1247
105
254
3450
3538
7874
1477
7053
1183
8903
7968
6607
7416
3106
6321
7238
3988
4052
1344
3126
5642
8097
6499
1307
1637
2865
322
1346
8721
6359
7229
9351
1608
6139
3687
2766
9828
4927
7390
5372
8791
8963
6185
4942
7053
5067
7858
2391
6530
9801
8201
7913
3499
6451
5498
3843
5228
3081
7326
2970
9917
9725
2354
7786
1212
5037
3433
1906
4678
4946
343
5505
5063
9056
9178
8434
6135
6980
367
9364
4895
736
8897
8076
2160
2783
8480
6092
3885
6861
2121
5848
1895
9154
6714
6409
4246
4092
2527
791
2056
8940
7290
1153
731
2507
1257
1953
9569
3562
9328
8809
7593
8740
2925
3964
5707
942
5542
5411
7697
1873
4948
3454
6579
6781
7043
5626
2780
5868
1220
8911
8485
3580
6257
4478
4760
7675
1157
4424
3009
8713
5420
3341
2728
8751
2926
8751
3724
1820
5807
2264
5604
3120
5719
2543
4693
68
1948
4139
1137
2866
1935
3132
1101
3866
2376
4659
5183
5233
7888
7638
1447
7094
7775
5655
6825
3390
8478
1564
7076
3446
2097
154
1635
7027
6756
7033
2548
8555
6282
3888
7424
2900
2279
1468
8676
9830
4098
2591
8943
7757
3757
7245
438
8555
6554
917
4617
5730
3239
9251
5982
9602
8243
7422
419
4629
4983
7281
4785
6488
9626
6823
4946
1370
284
6202
9823
9653
7275
9180
4487
5788
2669
9294
3846
9463
1324
1569
5634
4557
9055
2307
1949
3712
9616
5695
4651
7990
9210
1912
7796
2325
9503
5197
6819
2413
4123
98
4987
4486
363
8221
9940
9855
3503
2364
8280
4461
2879
5045
9826
7576
5755
623
6266
2893
9574
2364
6509
5893
8164
580
8300
578
6941
8321
742
5454
3337
298
8371
9485
4044
6725
9154
5014
9736
5713
4763
6146
6440
4187
2860
1418
2016
1804
3313
6775
8032
7982
7930
2760
7699
2438
5822
7678
5386
1865
2279
330
7810
2326
3453
7880
6282
6118
6568
8542
9710
6749
5229
6875
4413
7190
3110
8924
5384
6122
8799
328
3419
9722
9198
2294
5162
489
9224
6701
9437
7763
3672
490
5513
6342
8079
1704
2820
7242
793
499
3528
5529
5771
8260
2109
5623
6889
2765
8014
1129
1481
5908
9611
8736
2663
1417
3389
9235
6444
4354
2115
8585
792
3959
8323
8396
8262
966
518
3402
7362
1616
5298
120
8850
2963
8389
4394
4859
2229
8856
6670
8947
8187
1961
531
6877
7915
86
9694
5665
7075
8342
9071
3650
6172
3780
3004
5482
4985
7669
6847
4796
9422
9849
2881
8813
4475
3557
7489
4216
9656
1885
5710
3421
8955
3369
7046
5976
8869
735
8298
5724
3837
5265
5181
1455
6313
7774
7232
590
9743
3667
1446
7081
1605
8717
9253
9151
7105
1136
3432
906
9486
9529
9799
9173
175
8414
73
9845
2272
2938
9039
864
4398
3771
7354
3559
5284
5778
9519
8412
5567
3720
396
6207
4925
5945
5610
8524
7399
8453
2684
1107
2196
6395
1810
4222
4495
7856
3662
6478
7992
8736
4190
6469
4553
4729
3298
5488
9473
8726
9655
8261
9150
2031
6657
6242
9083
6275
4337
6747
9508
2211
8354
4233
2556
5123
3774
2697
1954
8874
379
213
4816
3600
5392
1629
9357
8428
2728
1354
586
1404
970
5755
6266
1011
9453
6678
8752
6047
4406
6359
440
453
916
2103
6244
1848
4266
7853
1308
9583
6374
2222
998
6947
5893
5504
1545
1991
7753
5586
3335
542
1487
6949
7876
1124
2839
4972
7930
8501
9337
5821
603
1577
3040
2155
4458
2424
3384
2996
4221
9460
3683
828
2083
7611
6660
2827
7977
1739
9578
8245
8436
9296
3100
7385
8449
3714
1313
8621
4130
6265
7582
2168
4346
2978
5747
7898
3495
4966
4839
4268
2295
4517
1610
2358
4907
7556
9902
5001
763
3996
3939
5276
7528
2851
6689
5670
4446
9598
3541
9304
3881
6884
4257
8154
5579
542
352
6807
672
4994
9722
3628
7979
9071
9925
1354
3798
3124
2780
4157
2347
6891
5035
377
5238
6981
8338
6811
541
423
947
9573
302
989
6482
6600
4007
8202
2550
6904
8333
8466
3973
5584
8018
2819
9312
9404
2646
1305
5567
2490
5338
2578
4619
4165
3760
3920
6857
1829
7345
2352
7513
1791
6268
1097
5362
2106
2776
622
7895
2531
8264
4093
1905
7859
1310
4262
2188
6222
2913
4237
4496
6991
8535
1185
5128
8351
7118
1805
4422
9369
8272
3113
4045
6582
3413
4562
6483
6995
7466
8017
1553
3663
9804
7626
5637
9866
819
8390
9494
3682
5039
2496
5353
746
8964
317
2788
2377
7291
9711
7612
6610
3046
1252
2499
1051
7619
5652
5225
8110
6005
4388
4928
6278
3795
8056
1429
8548
1225
8909
355
9502
4173
2197
3137
7135
8865
5317
8079
7596
7821
2807
6632
3280
5480
6391
1667
1226
2312
4700
1245
9997
5137
238
2739
3952
3417
9909
1665
1464
198
7781
2786
9262
5647
1559
9684
5736
4973
394
2295
1110
8088
1525
6368
7087
7329
8177
7705
4039
503
4000
4539
1916
693
3246
2654
6962
2276
3478
3993
756
7877
8921
3129
553
7592
9483
6535
1755
3062
4991
9447
7802
9948
746
234
161
397
8815
5087
131
5511
5079
5093
4155
6346
560
6630
5617
7902
3964
314
9409
9151
2770
1431
8720
4271
8337
6351
4811
4885
5903
3929
5961
6754
7601
3249
8553
4789
7112
7091
4994
113
7777
9276
1371
9215
4904
6507
4785
3197
4645
5976
2475
2018
612
8198
8048
366
5134
6829
5790
5030
9331
5918
3495
3665
8478
6293
5531
1507
1330
7373
9728
7934
425
136
2687
2152
1241
763
6190
3400
6968
2950
4595
4382
7056
6256
7571
5509
9425
9079
5467
152
1218
6181
4413
3724
5626
4403
2169
8271
8229
8422
5309
1208
1080
8224
9420
1459
164
7771
8102
4582
68
8786
584
3774
8108
5539
6581
235
254
8064
2474
9820
9758
5738
2527
4440
3821
9270
3249
225
2697
8039
7887
7719
9295
6621
2751
2085
4315
7659
4062
1062
4657
2551
5976
5002
4461
4782
537
6422
5920
1834
3640
2828
6172
6917
5868
7024
2698
5310
2667
4424
8017
1141
7160
9017
6660
9356
7909
2185
5668
5981
7362
6668
8323
8304
236
3893
9800
1173
6412
5198
5251
255
4645
5490
3637
1222
5665
2519
5704
6735
7313
7869
7825
6686
6339
5445
69
149
8162
8738
5626
9669
6890
4747
499
1500
5755
9404
4115
2349
4770
2679
988
1793
160
8659
6350
6582
1061
1342
1841
8441
5213
8784
2137
4934
1258
803
6602
212
9254
8890
6650
9809
1014
6333
3509
8299
9742
4091
5862
8661
1570
6713
1394
2719
6251
6210
360
576
8070
9057
9561
4421
6908
7913
6278
3861
3610
2278
4367
890
6265
67
4201
214
3489
1647
3328
6400
8119
8066
3435
1772
4946
3868
279
8085
8911
3701
4321
307
2143
8058
9848
6210
9600
1111
5581
6792
7115
7632
3033
7731
9562
2060
4671
1967
5093
7301
7648
8829
5340
4194
882
1346
5976
8342
9961
5790
8271
4565
996
414
8762
7160
9863
5802
8196
8927
3485
2881
4115
4691
7053
3663
5547
2010
6404
3061
663
8788
4065
6521
459
1864
5776
6366
76
5289
7540
1044
8936
3818
8438
7872
4411
2727
3924
4073
3121
7170
6688
4920
1426
189
5158
1745
5538
4182
9003
8095
127
1094
2763
545
9508
732
4413
9676
9004
136
9972
8189
4419
6140
4663
2810
1335
9129
4779
6121
465
2185
1139
3645
6207
6639
5782
548
3679
2919
7548
203
2851
5561
2298
3065
322
5861
6811
2524
4151
9294
8568
6393
646
6427
9720
1545
3075
2389
2261
1339
4429
8119
3532
5235
1931
7597
1022
7717
5771
3399
4006
3879
5696
9183
3169
7966
2121
5812
596
4348
7367
8143
2871
5771
1998
2407
4223
2226
8553
7461
196
4891
2619
6079
3540
7610
6330
6983
3002
1180
2803
8002
1156
4023
7515
8569
3616
2342
8877
227
7475
5828
7611
8011
7600
2462
727
3723
8083
1165
8020
8044
6591
3999
709
8862
1634
1300
3955
8767
3378
7988
5635
5966
7706
7281
1401
1350
288
8492
5879
3329
1879
5245
8525
5646
173
753
7487
6809
7095
4903
9680
396
3185
8375
2928
7279
8671
893
7862
1108
9658
7074
985
8025
1458
9040
491
705
3590
680
900
6179
9740
7351
8547
1637
3767
3739
6316
7826
4109
4116
7990
9321
5311
8804
4368
3550
4571
8643
1131
3950
8457
3780
3326
2667
4655
2763
7349
565
4743
2959
2589
6368
4421
5741
3114
3491
6722
763
7413
7602
8158
6847
7787
657
7542
7091
160
8385
8648
3772
5003
8541
9140
1604
2749
6500
9699
4332
1410
8899
1026
662
3424
6050
5589
9648
8262
110
7119
867
1279
7940
1895
5864
9445
4884
2309
1268
2756
9951
8631
2858
8662
622
1561
6912
4212
3385
3956
2348
1821
1577
4212
8474
1865
9711
3307
9843
9816
2970
4318
7631
62
9043
4095
4907
5562
1034
6644
9496
2592
403
1347
4732
6807
5767
8334
9364
3792
2164
1812
3806
2068
5826
9161
6073
7176
1863
2435
7733
3365
4940
8161
5727
5437
6882
6472
6388
3977
7168
4238
537
9707
8914
2274
9919
4646
5945
1842
2670
1796
8337
601
7755
8767
6923
8178
3059
9271
6800
4780
2472
7990
9734
9536
3166
702
2553
5172
1984
2799
6295
5989
8331
9651
9278
1536
1225
8637
8203
3118
1926
7161
985
6902
5161
650
276
9181
1363
9296
6257
3366
3207
6624
4609
3685
980
9553
8019
2690
6752
3282
9751
8948
4674
3467
7026
4892
8398
6525
4078
5356
8429
8856
9798
7801
4307
8151
4649
1240
2712
1772
2515
3858
4941
4570
5038
8037
484
7697
9945
8435
5083
188
4843
7416
1106
2774
495
8186
4533
3387
361
575
8377
7249
6580
4044
6768
9453
8337
2142
8307
8688
4840
6928
822
5816
8215
5121
7952
7753
1499
7399
6161
2297
8968
1623
9079
4071
6890
8956
8232
6151
1443
9147
3916
985
6601
1617
7571
6656
439
9662
8454
3814
2439
5716
992
503
5635
3452
1623
5171
1106
3455
6573
7904
8185
543
9030
3700
8848
916
1023
9657
3873
750
4448
3572
8801
968
7888
7066
297
1625
8699
8583
4101
8202
848
9447
616
119
8741
1822
3326
6011
992
4613
6267
6801
3762
4699
7637
7662
2176
2434
6030
2064
2420
5948
5305
9487
3610
4166
9377
4510
7226
3877
1117
3526
4470
6791
6304
5801
7541
2508
1944
698
5936
5765
6498
5607
8156
3696
2672
2703
9688
6403
3029
5215
6210
3575
3761
7459
5987
1778
3312
8536
8332
9036
3219
5834
6965
8801
927
7380
6014
1840
5833
7723
1577
422
5465
6117
2939
652
9896
4669
990
7715
4977
7220
8103
9746
3449
5721
465
9018
4652
6881
2493
7729
3922
1893
2749
6936
3061
1603
6420
8408
7189
2053
7523
341
1335
9290
5515
2961
8444
9122
9938
1146
5472
1432
9659
3833
6992
1424
8066
9580
8431
6755
7630
2807
2941
5888
4073
6695
6771
485
896
4820
9898
4200
1538
7909
5596
9389
3894
3616
2028
2337
6261
3011
1595
724
5273
9618
2553
1552
9124
8422
1928
7676
6327
4766
6670
8255
7134
5649
2989
5580
3857
7585
1021
2366
9080
6819
5427
3850
7088
9487
4053
7997
7595
3656
181
830
2334
6162
2319
568
5354
8810
8385
3031
6612
8309
1717
3262
7041
9749
7030
6493
1385
5606
7782
5227
3967
1833
6101
8417
2523
647
1669
3984
9193
7631
878
8724
5655
8741
1739
9262
4567
3684
7965
4302
9799
3270
1026
2945
3790
5253
8973
3817
782
3779
4854
5934
6004
2381
2186
8156
2982
2348
8304
6474
6538
110
64
4066
64
316
8132
550
5904
3821
2803
101
9855
4448
8601
9622
3738
140
4915
7106
3338
6177
8862
1949
7189
5246
6804
6802
9176
1948
1096
5085
2286
6057
4743
5320
1814
3091
1813
6853
544
5786
9395
4384
1299
6199
5368
6164
4627
9142
4878
8354
4605
2577
3923
3114
1970
2216
2916
5503
2378
8418
5833
5403
1811
1829
8565
5774
5975
654
5827
9829
6289
2380
1449
8688
8606
7968
7904
6503
3781
2197
2961
7941
6610
3784
309
8936
1004
6081
107
3521
1294
1192
2869
3047
6040
7240
2394
4181
7158
7788
9195
543
6247
8320
9350
6577
4366
2039
8669
3897
4921
2738
6928
2990
4885
5018
7167
658
5649
9746
7842
9716
7589
8849
9535
717
4178
2280
9647
1393
8717
277
3826
3532
7045
6790
601
835
8897
5582
9933
5308
2887
9927
6125
3715
7381
7279
2968
2820
5093
1734
6088
5511
6217
9643
7496
3713
3593
5472
2036
5836
5816
565
3135
4394
899
171
6918
1954
1655
6883
3383
692
8895
3282
710
3643
4549
4780
2625
9654
1802
7057
3731
2827
7039
5819
8106
392
5114
9759
6090
1311
9189
8059
2649
9021
8591
2399
1872
717
1741
4098
9828
4268
1722
4676
8190
9594
1668
6376
2187
9617
649
5472
5272
752
7188
9924
6191
4465
7785
4016
1059
812
4998
5126
2478
6408
8106
5769
3404
3255
388
954
4422
3318
2585
3203
491
7337
8535
5225
2759
3552
6530
8740
8548
5957
810
6837
7143
2175
1190
5531
5026
3416
4543
1849
5777
3603
7463
3961
6106
6837
8733
6432
5651
8122
5110
6091
1678
6139
8255
6047
3117
2133
5955
7934
6551
8805
5377
8418
7100
4415
7801
8634
3448
1792
549
1039
5739
4764
3109
1553
789
1266
5762
508
355
1936
1616
9408
1806
9133
3048
7978
7059
6643
805
8360
2674
9036
733
6889
7012
7773
4046
2856
3590
4333
2616
4044
5741
6990
4230
5078
6214
5417
6448
4939
739
6851
5612
1535
1991
1071
5104
404
4172
6574
1319
8774
8386
6200
4232
3928
5634
8520
2577
4048
4813
7358
6582
8847
7346
5747
5317
4825
4980
534
6248
6552
3876
3559
708
5192
1607
1130
5501
2786
2396
561
3328
3629
3069
6576
493
2576
7159
4955
9356
3184
5431
6418
8942
5866
4658
9739
8288
8770
5388
6659
3482
4367
1041
9962
2042
1425
9237
6579
984
9106
3541
5673
2224
9477
5425
2786
9073
8650
9443
1184
1343
4196
7235
5141
724
2850
4739
7079
4934
3800
2992
4250
9826
9701
9265
8939
6919
5737
7791
4975
4904
372
3666
5064
1668
1098
2157
748
7287
4750
6678
5948
1572
6986
1798
8110
5981
2380
2575
5594
7856
2316
722
1422
1960
9110
1913
4765
5466
2037
6421
1901
6103
9238
5734
5339
7103
5879
6125
498
3545
5534
782
8162
2703
888
8668
332
9153
5822
216
4747
7862
8299
5958
1699
5658
9304
3626
8168
2328
1421
6749
5540
5406
5444
1573
2517
5136
7362
9227
3230
1751
2784
2835
2700
5445
8856
3586
9935
3366
2511
8557
4532
6666
664
6111
3815
2330
6945
1370
8553
590
5614
7083
6868
3077
7546
5651
5820
3241
5055
69
8488
9392
6133
6829
4959
7892
7224
2256
9546
3286
3613
8354
817
4218
9933
4700
5979
270
6583
8026
9583
2776
9065
6546
2182
352
3837
3739
3691
8928
7207
5782
8632
8970
158
1099
5412
5984
3721
4735
5662
7804
3440
9657
3567
6036
6029
7147
2982
8901
995
9282
5675
4050
5719
9229
1212
749
1079
4683
2846
9089
7442
5129
7928
779
3191
8513
7197
7258
1249
7876
4558
8298
4198
5458
5448
5459
965
6617
2302
9423
6365
3848
6134
1603
2220
3135
9631
5726
5311
3839
3758
444
6547
5424
9857
5146
4804
1039
3612
6776
1168
9416
5146
4132
8491
2119
6769
7112
1940
7601
5559
9802
1760
168
5065
8456
2409
3026
853
4588
1030
2280
1055
272
7575
6552
8217
5200
863
1530
3744
2385
8951
2047
776
8391
3975
1422
9960
6632
5708
8893
6690
5307
2295
3316
9626
9716
7222
1753
2050
409
8808
9232
2561
141
6816
1803
5782
9550
4912
2184
9627
6235
6467
6121
6832
8647
871
3710
1596
8971
2010
8648
2575
3680
2792
7968
3737
7326
6643
4608
2216
5350
7727
5203
9253
172
1062
4218
4924
7262
7891
1849
6361
4475
9598
8214
8289
476
3621
3887
4648
7369
9138
8327
4413
7744
9469
8453
6833
4325
4137
2636
1400
4761
3586
4198
4847
4015
3842
6605
1705
9895
2079
3658
7307
7734
8745
8449
585
1106
9647
9586
3697
353
247
7898
311
3768
1254
3891
8466
3953
5275
4172
3200
7785
6344
4778
9801
2120
7998
6188
583
7979
4742
8774
3330
4680
8253
8542
7822
3399
3952
9014
792
9345
817
3884
6834
7512
2884
2521
5796
8812
4969
9101
3498
8918
3118
1635
4888
9022
8713
2328
5185
4895
7740
1317
9575
1721
4924
7135
7638
5734
273
872
2442
6620
9448
2994
7136
1286
5013
6802
6822
3019
6429
6498
5101
1884
6544
2497
5992
7637
4852
4590
6943
9241
798
8637
8369
8999
3222
757
6462
6936
2182
3462
2943
7458
418
8473
891
8063
9296
5137
5437
7427
2498
1898
990
6707
6214
7878
2409
5985
929
754
1736
7923
8973
6508
7013
1288
3852
5605
5658
5954
5612
4175
3896
7043
9423
6975
6513
9169
7101
4309
9911
4212
9946
500
6602
4452
1724
9688
1621
4248
6613
7315
1219
1255
9689
8199
1812
4375
4621
9583
4855
9777
2021
3612
2219
4313
6960
3600
4524
1848
3237
2719
3505
626
6702
9688
9307
9650
3074
8918
1298
8402
4851
3611
2990
4389
972
9924
8638
9427
9701
8094
1156
3249
9599
9166
2817
2091
7714
1312
6142
9935
6001
1727
6255
8160
1335
4179
771
7794
5442
4739
745
196
3750
8161
8224
2410
1538
6251
3143
6927
2629
140
9579
272
4717
7704
1118
9508
7266
8345
7419
6914
6182
4982
5358
6698
7848
5573
1535
8525
4902
672
6989
131
1929
7317
5691
2535
3395
6077
4061
3614
5651
1154
2096
1090
3350
9501
2746
3699
5178
7579
6953
5497
8994
7412
401
377
2869
6250
4097
1878
7943
4796
4632
5327
6209
7488
5129
5896
7522
9097
5060
2688
3442
6953
9839
5133
1656
5058
421
3609
306
7532
3989
8047
9958
76
9448
1489
5957
2277
8826
2273
9884
649
9360
6233
9557
3401
7261
6448
835
1992
5399
2068
2725
7968
8835
3585
3145
7526
5023
5150
1134
7791
5357
7650
7921
7080
2582
5357
4402
2931
2909
8207
6096
2207
4690
499
7741
7796
1349
1402
1708
9552
4385
1669
8948
7453
5599
3650
2015
416
7812
492
9730
180
8089
2430
8411
9812
7748
2046
738
4878
3894
3790
5031
6530
6536
6038
51
6548
3052
540
3991
164
9451
7589
2281
4952
5846
8478
7407
396
9690
416
6368
1680
7066
6224
8579
8721
8751
4677
9024
922
9039
8928
2186
9841
4039
2476
2573
8026
897
4138
8686
8619
823
860
5986
9933
5530
3045
128
4705
1907
8031
5094
7807
7994
1089
4749
5767
6921
189
3835
8190
8563
955
7966
7875
3948
6476
91
3151
3874
7775
7001
3478
7049
1351
9753
921
8988
3996
5907
3328
8736
3562
7220
7081
5405
8019
9693
7294
3301
5916
353
8241
9090
6588
3013
464
9571
2987
7698
3886
6490
8225
604
6317
6965
8439
260
3927
7108
9385
4233
9291
9493
4381
6125
2539
8711
4575
7629
2008
8978
8147
6260
4909
4433
9706
3278
8494
4962
2490
1439
9356
5384
837
8590
3420
4415
8732
3097
9366
2209
4863
5208
8081
8651
2957
9514
3375
8598
2951
4643
8913
5254
5121
7457
2989
1583
3594
3427
2710
2269
5564
9809
2034
8915
3759
8680
2781
8637
4024
2625
7140
6899
565
6654
3006
7725
5327
6734
3366
3269
8251
4316
6635
9634
375
1441
4092
4072
2936
8405
278
7885
9316
1781
6172
6780
5666
6485
7893
8491
5718
6928
9579
3759
2696
927
5649
7936
2632
9939
8103
1988
5415
3577
3636
129
3266
7371
1853
6687
3503
8027
6690
7037
7143
3021
7470
5423
4205
6066
3917
7297
2129
9332
7800
7168
1758
7998
7122
5051
3842
5009
4318
1127
8381
712
8268
3527
7634
6737
6896
4723
1101
6349
230
4351
5917
3537
9456
7178
7519
3625
1363
4826
7277
6872
9009
4257
8360
5958
9693
5819
7402
7178
7823
2175
4656
5962
6869
6729
916
3633
1909
1114
6474
3093
711
5351
3188
9409
2649
8936
9637
8358
921
509
4896
3313
126
4724
5099
728
6166
3789
9054
7414
1220
7625
2613
5170
7155
396
1652
2876
1670
2179
2780
6429
6976
7243
6918
1971
225
6575
3176
9997
3614
4808
8304
968
9222
4409
5772
7450
8880
6849
6230
165
1068
5640
7984
9042
4583
3430
9049
9281
4630
1802
397
4186
2389
3189
6813
643
9714
695
8859
7420
5444
5429
6821
7769
4047
5349
1917
6758
748
5034
6850
7292
5404
5603
5904
9103
7163
8126
3757
8646
9830
6043
2977
1075
6979
1884
5183
6890
6758
4829
5781
7597
9998
3969
6341
4964
1517
6563
309
9118
5013
4332
2330
8886
9412
4825
2759
480
2295
8421
8474
9410
3446
6459
8045
6983
8603
4984
7630
2985
2187
5972
750
9720
684
2383
7396
5226
7506
1138
8713
6961
5146
9113
5964
3581
6523
6934
239
1928
5550
1798
2875
4920
7459
739
7018
6297
9015
7463
290
4113
1600
7508
7903
9972
2883
3227
8328
616
3148
9741
2962
2383
7991
2250
9636
4430
7512
4990
7912
3747
1810
5329
8303
5814
1352
1271
7348
9189
6898
2083
2063
948
2068
645
3637
7924
7303
6082
75
5522
4717
3072
771
4168
1072
396
8435
7078
7534
7950
8387
1338
8434
8790
4767
8607
3520
570
3966
1375
8352
3035
8364
6352
8812
8320
8548
5141
8345
2174
7656
9732
2870
2588
5120
2453
3399
4054
3087
2772
6044
5402
7774
1979
4828
1259
5639
8877
1671
8361
9189
3480
1541
3597
9970
9271
7852
4133
875
1792
604
2771
9155
3913
3420
2459
7635
1916
9562
2244
5863
1627
3262
2854
3149
4062
9600
6243
3340
2462
5039
6923
8755
2800
476
388
532
1667
4134
1605
6732
204
3895
1820
9246
5057
431
3783
227
631
3825
8811
3142
6993
3917
3010
6203
7088
2540
2512
5417
2321
8682
3217
3824
8312
719
6300
8548
8380
6960
6143
5072
4617
9390
2118
5382
2749
7724
222
671
5737
5345
6857
8028
7353
4640
4083
7157
552
8982
4009
9949
1905
6292
9867
8620
2865
1437
8088
9841
9060
9082
2745
3777
1925
4333
2115
9363
4858
4446
7754
648
2227
3641
1566
7462
8423
1606
8754
8320
1464
9209
6927
1336
3437
2817
6377
2979
6210
4225
7107
3005
7608
5947
4710
8147
6374
5955
8265
4776
4872
648
3672
5280
7517
9998
1309
5418
4938
1266
6624
7790
798
4120
1611
4315
4063
879
4816
1200
3127
8866
3807
5429
6916
2121
9767
4725
2987
1438
8064
7447
9624
1890
9337
4677
4941
2831
1844
8913
3534
1585
5428
409
3671
1521
777
4691
8893
4239
1428
5534
6259
9334
3322
3652
8156
1548
5945
5749
5572
8115
7040
9138
5361
8013
9947
5938
6227
761
4058
9398
9970
1357
1660
2505
2675
508
6167
8565
5396
1878
5525
3894
303
8853
1867
8317
9576
3074
5472
8998
6572
8408
6224
6602
9255
9182
2679
8106
2186
5096
7575
1504
3149
3639
6826
283
9125
5916
1028
3646
946
2689
8513
9212
9097
6101
4308
2735
3145
9230
8816
81
9518
2934
3211
2592
3945
868
1010
9757
2492
2890
8141
664
9846
6701
5379
3702
3234
6593
9613
6140
8416
685
6601
1455
8669
1088
6468
9587
5341
437
6973
9522
8563
3978
5188
5365
3525
9502
4291
4071
1495
7878
3656
231
5045
3088
6383
2431
2745
2960
9497
3258
9816
2356
6709
7389
6513
5738
7509
5318
828
2550
4744
401
9942
1940
6223
225
992
1018
3309
2308
7100
3023
6419
5984
9979
9058
2534
9584
5918
1531
3825
7335
6066
7802
2827
7486
9217
4202
7307
4965
7870
965
5319
9747
3302
6150
5895
6964
5576
5786
7221
3191
9232
5317
3925
6743
9679
9707
8510
1321
1899
9288
6741
6127
8139
1553
7634
9255
4311
5364
2227
2198
6545
1812
3221
9872
2284
873
1653
8807
6058
4879
7592
526
2231
4987
2305
591
1524
5546
141
8193
6207
8724
2816
824
8430
3113
8474
9952
1946
3086
8267
8659
303
9240
7998
2893
2734
2565
8989
5776
3201
1060
945
4363
2480
1518
275
7581
1997
7092
4130
4718
3497
1480
8966
1658
5648
2598
6926
149
4521
8402
1465
4405
2880
3343
6700
5598
9914
9715
7897
7320
5233
9804
2606
4738
4176
1364
234
8596
7732
6758
5541
4904
9797
395
3748
7681
8557
4623
230
6242
4242
8449
6163
1038
2272
2273
8530
6880
5031
5846
7190
861
2602
8592
2002
8922
6795
6479
5980
4028
1568
8970
1622
9524
9028
4168
1573
5381
4696
5226
2933
2812
6990
7279
9929
8713
3792
7699
9043
7854
6424
9172
6139
271
9956
811
789
6428
1971
3600
6128
4845
3107
1673
5088
1819
2557
759
2260
4484
2165
4613
7161
3198
6342
2505
8793
2016
7802
9765
69
6549
3022
3764
7574
7711
9024
7112
6353
907
1753
5128
7745
5373
4936
9987
8154
2686
9831
3606
5231
8056
504
3150
532
3805
6857
4684
3391
8051
3593
3343
8971
5214
2551
8137
5578
4242
4585
7648
176
5100
3860
923
5239
5413
754
1201
7816
9950
396
7955
8287
9938
2306
328
3585
4583
5439
68
2774
6766
3925
4844
7990
8661
6513
4168
233
2167
6727
1656
6858
2247
5946
3556
9537
1975
6830
4158
2617
6130
3909
6051
1547
486
5288
5875
4824
5974
552
7783
8324
2275
9308
1078
2936
3053
3592
9145
6938
8870
7762
2513
7575
8021
7167
2826
5530
8339
7810
860
3794
7554
3686
1867
537
9350
7356
1758
8766
7669
870
5063
3598
6634
4146
2434
5546
7341
4395
4921
9066
8734
5436
2795
4910
2538
5069
7961
71
506
2741
577
3272
5598
5150
9670
7856
9280
7620
829
9500
659
2507
2961
9806
2190
4619
7463
2084
7294
1776
4849
3358
1164
8349
4779
6337
5908
7196
836
3734
134
6523
5640
9154
5675
119
6203
5348
1831
6898
2261
6042
3946
587
8027
2442
7861
4023
8381
1739
174
9031
5923
2434
1120
5550
6393
2063
7452
7261
6640
5833
875
4726
7761
920
8636
4073
1292
9153
8693
1149
5879
9469
5153
8300
2369
6904
4318
7530
7971
2982
7392
527
1063
5210
1561
5882
2860
3405
975
2825
6721
9545
4348
2960
5525
567
8019
7223
4009
6691
8895
230
5230
1715
5223
4908
4903
8972
2995
8708
3328
9834
7787
7872
8478
4807
1940
9777
5294
6706
5694
1530
4186
2069
1297
3555
884
4286
7320
3667
7526
9340
8888
1710
9582
870
8719
2011
1672
1922
1746
2526
6395
4199
1902
3478
5923
8280
4704
1680
7960
7168
4323
9800
5617
5662
3276
2048
7839
7249
5493
4150
7230
9925
733
5973
3669
4151
5079
7200
307
1226
9021
297
7317
3147
1403
9623
6043
2729
2934
2924
4469
3077
8734
4041
4687
2760
4786
5709
3171
6412
456
3180
6527
3161
9707
2387
272
485
9937
8200
5264
8033
3876
7096
284
3339
1207
7230
4105
4459
4367
5027
4181
4736
1116
1050
4858
9309
8851
1358
2184
3020
449
4326
7414
3556
3062
5991
5576
1645
9319
938
1464
3213
4398
1983
2239
3678
9001
8220
6072
400
966
6891
789
6047
576
4963
4645
868
4583
6964
5689
8374
9858
8226
3622
5358
7603
9425
80
6069
2965
4013
5946
8224
5752
2406
7267
8290
9432
4956
9493
6411
568
3315
8807
5892
6040
1040
5963
7811
6915
2679
4940
4393
4398
8601
5969
8512
4723
3185
6036
4380
7043
3190
2427
4457
235
1678
2483
1771
6769
856
2576
4601
5687
7575
8178
8211
4761
3460
9075
4726
8730
3727
4078
6777
4502
5319
1091
7416
667
7574
5585
6273
6871
5423
7484
486
7938
6189
2882
4452
9502
3270
4419
5200
7136
5625
9013
7434
6148
2933
161
6574
6712
8159
4503
1323
4962
3389
1040
6239
5102
6417
4830
463
7498
5280
8501
1803
224
8614
1870
5712
7637
6154
6121
8443
3957
8070
3957
5996
6825
3836
4742
4957
7610
5349
4246
9507
308
737
7658
146
7883
3254
8640
1505
8003
7840
1527
5592
9941
7701
3894
5580
1176
1900
3221
4418
5057
6604
4110
223
3843
7020
1672
9909
3410
987
2320
6200
225
4047
6182
3141
1404
74
2168
7996
4413
3114
3257
7840
4068
5748
209
3889
2274
4042
9909
2665
9676
8030
6520
7444
4805
7006
6121
7573
9038
3529
8275
9552
8386
8425
9126
9459
9365
4886
6836
7460
6470
2416
1781
5437
5787
104
2584
2931
1493
1824
3862
1738
6261
5862
1658
4628
9832
5514
2225
8963
648
9258
3393
3093
4296
5309
2449
6002
348
6502
1797
7747
6962
842
886
7582
1757
2527
2779
6478
5111
9583
7870
4847
5128
988
4386
2942
4598
6440
3012
4913
6340
6303
1952
518
5386
9204
9117
7213
1991
7351
7551
8127
3243
6868
4876
9923
8295
9895
9897
3049
4266
8265
1896
7580
9305
4592
9568
3282
5776
1506
7137
2205
5718
8340
2425
159
4102
7864
8567
6031
8350
5917
9585
6509
8976
6569
2193
6725
277
9650
64
8355
4907
71
4514
7834
1724
4217
7721
1950
7305
8574
7508
4928
7931
6016
5876
9266
2672
3527
91
1536
6788
1140
4909
6669
4840
3341
5395
6033
9309
9099
5970
3207
4869
3980
7431
5147
7297
9623
2778
8334
5435
1649
9806
5678
3799
6410
3325
3586
4222
4775
8554
3186
5122
8674
1669
8377
4749
2027
5747
2201
6027
1287
1696
8638
2458
6914
775
6399
4229
7940
5169
4720
6821
8389
6037
715
3790
2888
6139
3624
8338
6725
7521
1653
414
9746
6265
4637
5395
5022
3790
9279
9656
6266
2212
1778
4059
4409
399
2968
7423
8358
6130
697
6688
344
4381
492
7313
1081
2790
5540
718
221
4293
7023
1905
9329
5088
7074
4477
8646
9902
696
3375
5048
6219
3075
9831
2343
9730
794
4830
6659
6130
3295
6098
2940
7225
2079
5391
5219
2854
9151
2652
3037
531
5285
3892
2169
5940
207
5304
6136
8663
2206
8449
2267
7946
7411
6324
7771
2761
6632
3091
1741
9886
2030
5364
6988
9014
2088
6816
4394
2193
7817
8267
3347
1858
258
6455
4022
2350
1440
2426
6076
8621
6437
8518
1773
3710
3421
2554
4504
4015
9725
3427
8196
7035
4149
8975
4090
9298
4598
9368
2438
6941
5058
1321
7125
2626
6836
1190
5489
4702
4848
8952
6016
2115
832
6663
3128
6508
1615
2404
6699
3164
6518
303
8767
2422
2419
1819
2756
5153
5553
6442
2380
5373
8836
9234
5113
4951
7526
2966
3232
3194
8817
7522
5281
4950
1606
5799
6658
4474
178
5461
3857
5738
974
2094
6107
2588
9505
5656
9995
5249
618
537
9291
6875
4836
5470
3636
1707
4196
3551
6242
6500
7398
1320
1519
3623
2855
7619
4197
5703
2693
933
6881
794
786
2972
5763
2824
5239
8903
2148
3653
4360
423
2985
7394
6802
3608
8782
3314
3686
7185
6352
8200
7310
3435
4771
3338
2561
8154
8037
8127
8657
3032
6863
6609
2681
6058
1456
2100
1642
3526
6148
9534
2275
4142
8816
8502
239
7294
5116
1233
3032
6369
2627
7295
6966
5339
2040
5425
2532
3310
6844
8443
4169
4646
9661
9479
3408
1314
4432
1950
187
9457
5122
6903
3488
5566
3473
5327
8941
8037
2144
6104
7962
9869
6879
4801
8626
8729
9658
2319
7894
692
7964
1667
5579
8187
3286
3322
3487
9687
1947
1185
6317
2657
588
5187
1929
5498
619
3174
6071
8447
3094
9116
6565
1517
2290
7384
8675
6204
1289
9418
8138
5322
1321
3439
7187
7108
2080
9144
4891
5391
4273
5052
8027
9996
8679
8847
6866
9942
1946
7662
9002
5976
5564
7486
5080
6172
9554
107
580
4611
5600
3649
8036
2046
8596
6702
3768
5996
1610
6111
4172
6283
4405
8590
8605
5309
2255
1635
6329
3183
7557
4135
6273
3718
98
2136
1045
2938
4476
7678
1985
3360
3355
8244
4460
3840
7174
3930
2140
2444
1414
2506
7180
9022
544
6685
2928
5628
1614
6098
2626
8635
3354
6577
698
6193
4820
2660
9424
4035
4032
2173
7935
9973
8463
5308
8445
8969
286
5972
5834
2495
6502
9151
4425
7257
127
2888
2387
9136
7998
6468
3706
5390
9260
6915
5248
6102
4026
8031
5812
4237
8032
9742
4596
9871
3197
7844
3489
6651
1895
672
6700
4751
9931
6522
3393
196
2699
8216
2933
365
8197
9276
3709
7117
4503
6947
2614
2947
7910
6880
9328
2814
7314
8532
6842
6505
2295
2693
1474
8894
2839
4356
543
9750
5030
4632
9574
2670
7787
6273
9537
4119
7821
8906
1747
2292
870
7155
8462
949
7133
6873
5356
65
2809
8966
8117
9141
5834
5875
3926
1894
7339
5700
5696
2038
2464
2293
1282
7805
9709
5758
1284
1058
436
7966
7173
5961
7375
1415
6394
4061
3063
8208
1208
970
3271
7208
3632
8031
1275
2885
6110
5524
5967
7600
828
4496
5131
2654
621
7657
5078
7679
8537
9668
3902
4797
8044
5533
1533
2734
4487
7883
6318
4340
8747
6164
6256
8403
9679
4937
8900
5469
5448
9568
1872
149
5686
8593
4876
9457
8294
7761
6818
9838
804
2375
9143
2296
1519
9771
8121
6931
1069
338
4552
8738
9043
672
8532
1543
1827
5896
366
3691
1570
1106
5225
9834
1386
1139
898
4618
5034
2889
7073
5599
4215
7188
2488
9515
8783
115
4410
624
7387
2532
7230
8457
6563
9768
8570
7685
4594
58
2868
221
4523
6752
5970
4729
1140
2439
4636
2580
88
2829
519
6691
9245
3070
5901
3296
70
5999
4121
4474
9530
5122
4714
677
8730
9392
8383
6252
2794
3715
1534
5046
6098
6122
4913
3549
3038
1067
4961
9157
6119
8011
433
2435
3512
8058
4402
7230
2062
4269
9897
2055
3014
1705
7561
3652
8709
6759
169
7542
5286
5849
7373
9509
7469
9558
1477
798
5353
1360
5465
4448
1451
7671
8769
3883
8986
6046
1153
386
815
9196
6055
9471
9917
8350
3917
7089
3287
2942
6178
404
4076
6944
6576
4106
7205
1068
3056
5468
2591
3939
5948
1032
1477
9344
5215
4380
4564
4747
2769
5594
7401
6057
5640
5861
7630
2761
998
6634
1334
1175
2700
6508
9710
2628
415
5749
4050
5570
6822
2624
9431
2200
1429
1918
9249
642
8752
3691
1647
78
4780
1336
8633
7576
9963
2782
9157
4693
4162
4013
834
2865
4606
3390
5132
2479
958
7397
2264
1907
269
8445
4346
8339
6130
9614
6448
4039
3794
2358
9469
408
3884
3788
8781
4144
9781
2324
6956
8263
9776
2550
2299
2117
6981
7244
1934
7528
9347
1276
4508
2750
1426
1622
6835
2932
189
8714
5078
8816
429
2182
3013
8866
5966
6470
4279
4471
5328
8716
9509
7797
9190
7799
8764
4403
9894
3869
5138
5837
131
3030
7338
6316
8024
8943
6411
1123
9820
6218
4574
856
9477
7172
6723
5775
7480
4696
7139
414
1397
2132
8756
8200
4867
8097
3585
6059
2669
7866
9165
9426
7277
4650
6907
9833
2245
8700
2331
5941
3570
7375
8203
6358
6296
1925
2148
4148
9940
5709
1943
9918
4314
1317
1323
3083
8205
4780
9462
7374
2774
573
2405
6389
4605
4338
7755
6921
8141
3885
4976
9969
9420
8018
3328
588
5681
3950
3193
9213
8017
3213
8600
3484
7762
2988
3061
9701
871
5662
1047
1250
7468
4390
6243
3126
4272
4528
1158
5632
169
1438
2998
8955
5660
7160
820
9922
1122
3245
1405
3600
4475
1469
8089
1558
5547
8514
568
9888
5912
9119
6229
8909
738
754
9497
8501
8435
7537
1883
588
4355
4674
1970
4706
6995
9350
4491
4587
1862
4417
621
1589
1133
1268
3026
597
7458
6165
8300
7774
8278
2191
7941
9954
5672
8429
5073
7836
4377
8296
3418
7114
7461
1815
1746
9749
2695
5359
977
9985
6937
6723
5849
7277
1233
224
1739
7082
9680
1195
2505
8691
5832
1005
4260
8991
5140
7609
5454
8440
9815
9354
7384
8988
9219
2991
8508
7752
7252
5582
3534
373
1011
1326
931
3679
6606
3426
4347
5111
2591
2939
2674
5399
5153
3763
4525
4736
8558
9785
1078
9593
6665
611
7354
401
930
1136
7463
6479
5853
728
7576
9606
6484
439
4148
2911
6399
4215
705
3637
1916
1284
3936
6745
2666
8073
1137
9390
6251
8703
8926
9545
2856
3295
3212
6430
3064
3117
3230
8399
1651
1825
5453
3500
6970
8447
946
3954
487
7495
6076
4016
3141
798
4215
321
6843
5967
2032
3315
6240
478
7932
5284
2783
5081
1116
3098
7058
1833
7839
5971
1174
6757
2427
7549
3940
9417
3604
1529
3321
910
3711
9723
6642
9025
5410
9219
7692
1857
8610
2130
2757
5150
190
8023
6514
1251
1083
2885
103
6259
7059
5448
5196
7465
1412
6553
1080
9548
8642
6124
1129
8613
3899
580
2644
2046
1161
5909
8785
8757
8841
7140
9777
6590
261
3766
6975
2328
8542
887
9939
3592
1347
7475
7121
1541
8411
6984
781
4488
4061
9064
4577
9223
3440
4033
2083
9117
4518
3400
3260
2416
3993
3832
4378
212
5922
7396
6159
3494
2176
1309
185
301
471
7139
3291
142
4437
6376
7094
1352
4886
1492
2198
190
5066
8200
8285
97
3471
7691
949
3374
5282
6317
8772
7797
8120
7104
6670
9265
2850
1510
4041
8742
3770
6831
9763
4601
5329
322
1304
7619
4247
279
9210
6283
5197
3921
1243
4682
632
5740
4564
882
398
5627
2638
1020
5966
3420
2308
601
9885
7648
4904
5083
7755
9986
1639
5419
7187
2363
5209
5020
6647
1574
3386
8888
4531
2995
7391
2772
8441
6055
2933
2585
5537
8461
2022
5646
914
7591
5835
6842
1669
5078
9863
4755
7069
7848
5477
3532
218
8715
773
2830
6003
6211
1953
5353
8483
3223
5952
5243
9992
221
2171
8442
8848
5243
3960
3824
1846
1274
2586
3054
8488
8816
9754
1386
5446
2440
8798
4129
8542
6665
6783
9654
1498
3011
7395
7401
5026
7940
3911
9224
706
8955
8215
8550
2693
2687
7248
5790
427
3581
3227
2444
5513
5791
8559
7101
2930
4278
4411
5900
757
4064
557
1552
8338
7154
6736
4175
3551
5769
1319
9500
5058
7392
6485
8994
2881
9198
9549
7754
7947
3288
154
6363
4056
2741
2856
5277
2536
4458
6119
9299
8828
6444
2409
192
4955
5964
9694
1690
8721
9818
4142
525
2003
9694
2699
7826
2003
7111
6560
8827
8417
6846
2785
6960
9666
7962
6381
8339
2446
8332
1975
6326
3923
661
7944
4342
9761
8253
4741
9310
5561
4409
8237
2001
1045
6051
6901
4526
3647
5542
4375
4258