4000
221
114
680
147
576
958
113
599
723
212
96
405
644
567
413
311
412
154
453
412
99
759
231
725
905
564
342
885
116
900
3
256
573
424
105
457
390
826
608
817
341
319
971
737
116
568
785
950
300
402
178
934
86
63
995
793
645
967
190
414
424
232
779
450
527
891
79
22
923
128
148
53
625
982
872
525
922
850
910
795
215
322
316
158
640
218
658
73
179
67
361
726
944
596
477
551
575
518
372
806
12
682
954
86
867
781
36
200
646
360
837
794
888
597
727
73
414
480
501
42
268
40
747
5
684
965
439
526
196
135
402
594
651
120
788
611
266
251
992
605
188
738
194
141
694
418
674
932
551
786
102
777
838
519
95
749
909
84
129
431
616
339
401
269
716
333
972
408
184
972
714
92
639
596
736
104
921
424
43
451
371
842
900
5
596
380
543
958
962
117
619
842
65
809
979
422
298
405
463
77
286
996
469
700
825
494
776
583
50
192
863
819
944
24
439
170
498
192
135
267
67
845
124
448
86
88
421
959
891
765
52
221
198
43
163
959
544
736
543
623
718
955
786
60
574
221
348
295
506
930
994
173
418
137
93
152
417
660
840
472
557
561
351
829
284
389
259
387
810
414
751
184
310
442
23
931
792
705
666
890
800
853
767
303
276
374
882
60
891
765
62
968
535
494
981
997
927
197
903
936
723
852
995
53
501
482
473
428
842
496
30
31
436
114
234
865
424
675
77
661
856
992
881
675
950
499
608
708
532
659
846
516
628
151
231
430
589
218
695
745
473
926
473
822
851
878
361
300
731
78
421
472
79
967
940
806
151
670
457
742
307
4
762
868
83
394
842
3
997
527
645
452
448
682
550
825
7
788
841
313
954
942
555
999
145
268
529
266
733
678
978
446
381
272
265
422
714
43
373
757
256
250
520
480
529
768
167
824
118
582
350
297
75
146
317
294
634
949
681
849
850
607
828
578
6
78
682
1
677
331
543
450
871
657
139
762
928
396
393
195
369
814
991
638
743
941
860
263
92
393
468
160
586
639
876
687
441
481
668
262
695
515
840
932
436
916
555
494
639
396
862
966
66
472
102
604
99
1000
691
85
890
599
104
316
445
698
467
258
963
772
849
185
372
558
216
687
882
639
543
884
27
860
742
265
908
372
879
387
606
281
627
735
671
610
656
62
424
675
911
325
705
92
425
284
37
233
630
957
816
627
732
606
315
134
465
712
958
736
418
247
976
352
848
493
799
667
911
95
728
891
296
490
73
739
41
295
367
326
346
662
321
842
641
355
535
896
41
501
856
279
525
457
797
575
20
754
84
952
487
743
263
478
683
938
858
281
397
403
779
222
449
335
350
60
429
806
909
470
540
993
571
873
980
603
462
215
271
220
668
60
926
846
308
775
126
760
137
63
413
879
771
469
369
413
447
446
358
587
434
345
275
268
468
645
84
543
133
842
908
330
243
563
963
913
365
391
336
777
230
288
172
589
337
409
360
526
760
145
836
576
793
507
206
471
421
536
764
414
849
52
935
951
154
298
206
586
722
752
540
775
222
14
485
925
425
617
319
165
115
911
970
176
533
172
329
189
476
713
496
314
443
839
589
329
612
198
791
614
781
678
334
817
335
503
305
644
790
254
715
650
694
876
347
558
837
79
190
104
672
203
994
170
792
115
201
760
656
246
322
846
190
535
173
26
343
891
741
516
472
748
602
152
564
74
573
901
152
499
39
462
491
946
708
913
886
622
639
113
816
278
238
744
109
579
197
884
73
53
710
549
937
404
859
765
330
767
146
975
381
475
125
677
867
323
836
133
42
503
802
445
727
235
775
276
432
526
213
496
218
654
201
512
378
915
170
993
179
38
536
91
688
24
58
647
38
257
375
627
415
444
356
654
367
376
85
671
60
329
21
222
497
379
649
488
934
501
23
699
120
47
610
833
472
140
664
115
184
516
986
213
31
415
220
466
954
104
622
724
131
568
616
249
876
34
826
537
509
213
645
220
496
149
800
226
68
474
368
526
64
657
339
130
271
465
692
767
659
282
830
565
772
148
757
959
822
255
468
612
714
402
138
214
309
241
530
173
901
976
716
513
991
24
177
864
296
891
611
369
889
923
671
343
342
67
983
153
998
115
838
714
367
812
933
210
526
498
801
596
575
175
543
851
462
633
875
24
810
571
817
258
165
62
399
823
811
985
767
59
68
103
158
659
526
810
58
584
653
333
323
266
648
795
515
105
827
643
193
735
685
702
417
428
380
381
162
765
20
123
105
300
245
852
380
255
763
974
387
102
88
565
982
45
192
789
673
656
413
579
394
728
923
714
404
192
883
92
555
843
514
583
222
224
685
59
159
71
312
699
966
566
354
755
518
546
155
617
437
615
145
902
890
283
72
629
981
324
74
821
291
993
231
535
137
755
237
661
859
458
203
669
603
471
833
670
629
63
215
859
437
375
517
296
556
235
894
321
671
955
598
439
922
894
77
963
368
521
135
585
977
513
872
799
956
977
47
666
742
243
45
727
939
604
210
389
435
339
819
144
701
500
578
208
698
500
180
151
510
174
966
826
505
2
974
550
234
50
258
325
522
360
374
319
489
592
513
476
460
157
103
245
781
531
50
318
998
514
273
227
68
380
748
423
318
647
344
41
323
797
424
672
554
64
22
273
854
681
853
909
270
815
962
955
590
602
325
902
94
556
131
401
585
586
777
932
668
488
135
326
143
968
749
144
886
713
563
92
933
569
159
229
884
288
790
282
696
558
214
315
534
61
389
751
423
249
771
339
279
661
687
821
93
622
673
821
548
869
425
619
158
323
289
838
102
294
844
817
838
363
364
643
349
507
536
502
16
453
844
557
930
727
680
4
768
605
810
297
613
210
447
990
913
503
807
883
926
463
215
471
531
173
696
595
699
818
648
468
875
914
373
459
604
429
48
871
5
482
934
502
459
374
932
796
304
830
490
693
239
420
992
433
147
637
151
887
538
20
863
199
985
262
562
474
481
120
305
607
960
272
319
910
532
604
720
868
943
950
979
354
329
915
81
686
151
358
464
975
810
453
370
302
193
687
991
598
69
498
394
289
230
567
538
78
118
459
561
724
859
209
949
59
411
490
727
500
965
789
502
376
896
580
721
230
945
968
493
350
457
109
849
260
721
147
479
517
842
106
270
198
551
191
607
916
977
568
779
271
18
29
789
191
825
672
413
683
735
158
212
80
569
527
877
32
104
151
898
528
964
58
431
12
807
969
948
133
542
403
306
866
559
194
752
140
12
570
559
628
527
911
247
112
910
865
257
311
742
300
14
104
150
877
776
649
108
834
278
184
94
554
982
964
691
554
425
115
314
726
914
765
231
526
422
315
268
493
411
636
71
410
809
48
725
533
811
686
99
843
428
289
23
358
580
567
938
425
192
783
107
563
545
875
897
338
768
461
56
520
467
554
177
699
587
742
946
842
403
955
769
169
186
744
507
93
485
228
914
650
924
402
34
562
75
599
192
191
569
120
271
16
327
962
476
695
423
653
943
497
759
916
783
823
10
483
453
80
446
377
542
215
245
853
613
672
156
418
96
481
195
365
27
248
694
245
293
947
450
86
403
746
869
957
356
446
977
869
840
963
128
570
426
929
783
661
619
635
760
952
956
48
370
128
407
879
116
22
86
273
301
544
336
360
997
542
730
942
948
785
734
894
71
128
242
928
946
227
20
290
423
661
831
377
460
570
184
187
944
818
111
280
734
239
266
2
533
753
5
719
919
312
169
849
637
725
248
858
438
858
703
403
886
90
380
620
113
262
637
238
935
326
648
644
702
688
899
633
104
621
909
329
909
249
988
956
676
242
568
460
778
441
649
748
541
410
350
834
227
958
831
273
679
980
751
433
926
401
977
648
70
767
708
581
351
100
185
197
126
84
954
743
944
115
656
607
147
547
970
269
141
194
474
644
170
984
105
86
308
571
689
983
696
82
135
918
392
825
793
836
214
864
548
282
387
110
710
537
232
295
349
545
647
237
104
932
269
15
81
550
601
139
578
9
722
543
966
311
346
141
581
356
995
641
320
469
441
988
15
663
246
926
980
123
656
221
490
25
882
420
883
878
75
838
975
1
667
765
222
155
111
493
392
956
636
925
799
319
8
416
342
654
478
920
306
368
987
498
306
347
750
194
66
354
640
272
760
204
260
417
253
964
214
376
521
974
839
277
240
986
438
222
475
594
832
923
956
933
256
663
144
747
835
584
832
278
593
668
528
917
402
313
131
167
291
467
791
731
690
876
341
402
814
904
787
687
71
991
885
383
579
219
871
399
726
403
329
238
79
836
851
3
539
894
105
600
602
736
181
961
944
639
907
457
542
683
284
967
76
589
205
380
992
987
159
362
532
787
952
199
915
541
34
338
767
893
467
252
644
46
399
600
70
747
784
873
30
13
224
363
708
284
257
301
110
867
882
8
147
511
202
119
667
134
379
321
908
974
33
729
6
956
812
333
406
265
34
975
360
234
58
624
948
470
62
701
994
401
871
402
601
60
24
65
485
186
744
904
365
358
553
697
649
843
940
511
206
257
548
444
73
816
355
486
185
908
232
875
405
598
263
104
553
73
400
622
966
134
419
918
402
446
803
781
938
342
642
297
791
228
822
468
692
286
538
750
475
815
947
807
894
509
388
888
348
244
99
331
785
562
965
188
561
723
499
622
637
54
569
402
968
637
788
348
577
340
646
764
942
362
377
713
889
458
287
206
937
677
8
559
108
495
800
459
407
465
458
830
171
342
118
833
195
388
341
39
525
321
119
86
182
417
548
272
548
536
116
403
63
585
679
721
111
413
73
917
482
113
155
536
285
298
893
455
30
45
305
847
213
766
880
871
437
776
596
746
120
909
443
123
783
924
35
755
531
953
772
698
103
127
209
130
770
679
538
450
308
925
419
526
687
664
331
299
361
824
755
995
512
668
266
409
425
274
318
815
921
185
469
129
26
162
929
36
60
823
742
266
685
893
72
717
498
429
462
199
959
30
44
710
776
692
976
340
143
556
125
283
946
737
953
694
340
877
639
970
185
105
862
239
954
119
886
889
472
229
744
168
579
838
644
297
91
547
481
292
691
406
949
603
864
602
526
183
519
676
589
86
551
461
978
297
486
822
489
758
972
146
35
925
80
105
868
39
47
120
347
902
551
229
92
792
764
639
807
495
906
687
90
237
730
814
707
523
615
54
628
269
501
679
55
594
840
642
688
304
737
644
146
696
936
877
994
698
544
29
717
472
96
624
351
137
598
435
400
135
791
624
399
20
5
794
386
86
221
145
140
547
271
565
752
682
59
550
505
287
302
161
201
536
858
920
794
198
24
101
830
80
856
54
436
508
35
956
820
516
771
368
400
648
258
16
276
438
769
205
567
229
126
717
750
162
509
223
935
324
562
69
229
710
604
628
574
550
8
151
954
979
830
514
742
33
723
450
334
194
525
180
958
198
992
254
55
324
7
444
860
561
133
800
984
936
58
125
479
980
822
610
359
322
979
294
292
72
745
628
915
680
701
227
840
933
42
212
639
943
520
305
542
372
697
574
974
103
276
758
944
174
697
463
957
357
490
622
239
579
441
520
966
193
690
739
959
560
406
883
107
495
440
934
485
635
511
507
238
868
631
173
411
626
677
175
848
549
85
788
628
322
397
391
213
19
19
746
139
361
422
151
202
553
498
222
534
605
526
603
818
826
501
285
777
699
699
220
762
407
927
925
228
295
891
244
288
606
1000
34
516
301
787
959
797
527
374
985
519
392
475
432
474
535
143
868
373
490
340
570
500
107
635
628
189
356
18
471
820
990
716
970
812
974
674
412
67
88
13
994
357
769
692
310
941
20
820
870
669
315
898
706
26
106
407
638
498
949
876
570
532
472
472
298
90
403
605
796
605
261
655
896
808
657
371
622
981
735
144
984
777
149
606
776
453
115
552
414
545
445
510
435
962
604
241
618
818
994
911
822
156
714
79
25
705
149
792
854
76
573
400
260
317
361
273
431
773
2
433
739
422
805
4
437
390
691
715
232
201
782
217
432
447
967
285
294
664
570
948
968
106
264
118
355
500
652
509
914
616
417
12
542
622
439
282
356
870
244
513
114
419
854
190
976
392
223
631
709
881
206
348
437
261
525
375
597
560
55
992
892
855
31
582
492
51
917
310
662
573
986
930
162
687
44
775
590
601
580
440
886
466
377
848
70
553
282
666
217
894
832
487
331
924
602
812
913
797
529
848
114
488
550
832
906
652
46
391
288
388
622
58
975
344
395
624
933
300
279
296
681
841
328
214
722
326
758
834
989
775
63
110
247
640
170
522
808
743
575
767
443
588
274
400
337
789
587
388
84
863
194
191
281
357
509
174
290
794
420
178
691
866
555
457
992
496
251
8
313
723
756
211
861
116
545
558
257
301
805
732
571
988
445
442
418
123
24
157
273
232
885
156
275
586
970
62
878
844
414
181
163
261
43
693
63
585
173
993
546
663
2
647
299
746
204
72
206
226
432
47
908
372
522
942
665
732
520
148
696
969
550
209
398
523
517
59
433
997
367
398
634
735
838
40
440
815
721
491
139
632
911
342
54
557
361
644
137
211
332
120
360
446
34
405
324
919
891
315
299
458
21
25
922
450
724
615
687
597
308
876
360
771
855
459
993
29
335
460
649
741
201
300
492
359
474
541
967
184
765
487
662
411
849
951
2
617
43
103
874
723
106
861
818
727
720
979
793
971
958
426
158
329
302
666
240
787
17
568
462
456
664
437
952
167
83
277
496
936
860
210
748
754
31
841
552
125
305
847
210
812
245
476
199
16
920
723
311
172
839
982
685
591
225
437
469
33
796
106
558
86
574
246
235
60
428
649
130
784
728
198
173
796
416
9
66
275
692
544
672
309
32
756
581
42
300
118
352
640
472
99
982
41
172
818
496
857
441
931
858
845
485
27
739
573
773
566
569
424
485
185
669
803
179
113
567
641
363
524
637
641
414
864
691
457
396
371
595
677
265
961
644
654
482
575
105
187
816
825
995
486
316
22
935
650
622
871
555
573
526
557
745
144
980
998
218
45
770
630
787
985
885
188
925
479
858
42
519
691
580
977
375
217
57
436
382
358
169
23
675
358
188
412
959
770
908
452
37
575
525
250
981
971
828
585
933
417
156
535
119
812
246
905
668
624
914
185
42
914
397
992
949
440
962
413
439
724
640
661
719
920
29
647
324
523
672
139
327
135
702
908
933
623
666
280
203
285
119
244
835
709
884
298
717
722
500
886
779
427
625
470
434
379
616
140
577
238
627
651
172
633
512
364
369
917
702
862
992
293
536
410
912
127
68
866
763
840
680
283
793
520
918
583
324
232
84
693
725
61
853
38
66
969
908
326
994
79
619
878
201
305
330
271
51
428
88
341
643
100
151
39
173
720
799
718
785
614
150
222
981
248
823
536
148
673
393
392
766
666
981
247
844
4
179
929
135
548
72
939
204
4
315
483
185
585
497
103
959
391
944
520
120
753
361
978
166
235
991
947
371
746
19
195
17
40
383
373
453
297
718
442
632
706
117
703
362
956
303
510
407
215
820
751
615
659
622
915
266
426
214
75
922
371
126
17
939
980
294
230
230
196
740
579
207
544
733
792
596
798
538
440
2
268
965
480
735
982
690
748
776
864
873
46
579
59
789
161
577
751
709
574
694
708
662
727
670
26
446
443
443
261
1
461
649
996
932
13
164
481
188
254
583
111
287
903
837
169
78
124
117
128
79
306
939
949
256
115
308
369
378
809
554
82
491
697
479
337
370
122
15
725
886
387
170
211
146
415
939
36
453
799
272
342
803
422
439
771
816
84
71
21
395
451
718
506
315
618
778
832
72
320
495
58
118
170
708
130
5
386
665
919
917
990
277
237
714
875
394
530
662
273
522
761
182
477
843
728
452
329
828
617
387
924
437
71
84
338
256
364
727
246
2
999
532
108
190
864
132
405
897
553
699
540
267
521
402
483
946
371
616
387
271
677
592
526
518
218
99
558
992
286
121
62
101
879
951
201
771
214
244
806
536
59
859
238
154
613
341
769
1000
341
495
38
874
396
943
172
985
670
732
252
601
343
130
210
143
52
245
539
941
458
491
169
127
175
673
734
868
349
585
804
726
910
594
622
809
783
185
394
289
307
346
339
73
95
145
179
836
842
776
556
554
362
877
491
422
270
981
794
156
835
69
641
555
207
962
776
727
368
206
926
182
63
64
402
162
889
759
255
780
506
956
215
581
105
204
608
25
261
172
127
885
580
248
555
2
729
545
497
537
304
479
775
832
239
158
282
452
498
295
720
448
42
489
234
872
471
948
254
841
953
126
959
910
801
417
63
713
866
710
955
864
852
667
607
515
703
132
816
138
604
17
287
942
31
194
626
600
470
902
542
140
335
703
359
856
760
842
410
484
110
743
612
497
926
400
850
961
652
415
727
452
102
92
940
414
213
119
701
603
927
892
340
73
460
431
59
327
804
411
779
494
402
408
731
446
113
332
836
549
199
164
762
790
688
542
199
720
378
913
411
133
823
141
89
962
818
756
354
710
253
638
684
570
481
222
313
138
291
217
270
522
123
188
485
198
624
966
41
243
906
789
864
778
248
14
422
789
155
90
889
175
772
529
74
253
75
615
490
660
262
23
351
117
930
575
355
947
334
409
60
444
60
506
592
145
489
715
514
658
121
131
764
115
665
235
591
78
341
635
491
829
247
241
530
36
484
94
106
131
761
897
986
888
238
132
334
950
892
14
696
961
150
611
455
819
853
740
746
865
334
923
491
245
208
666
425
843
811
724
940
184
632
307
801
31
914
771
367
871
842
781
757
415
37
484
893
104
123
8
562
31
418
272
446
956
712
591
483
766
31
178
45
593
459
302
907
525
285
297
662
269
31
995
241
344
338
326
705
29
166
514
398
703
907
616
144
412
878
713
757
468
991
605
274
89
439
699
114
255
314
976
563
116
634
161
667
733
588
694
366
365
404
237
517
294
97
635
646
381
231
214
570
68
356
215
821
226
941
33
