200 10000
735 797
212 1466
85 1224
768 1601
1310 1724
125 147
1055 1803
1170 2090
1361 2098
1390 1567
1168 2019
786 996
1148 2486
916 1622
75 999
336 1727
1380 2474
678 927
602 1586
637 875
1199 2584
394 932
205 1274
526 922
1146 1914
697 1981
965 1639
275 1747
872 2343
885 1183
595 1994
1391 2647
130 561
678 1500
1284 1731
653 1213
32 1266
515 1243
588 1529
242 692
91 1558
807 915
1227 1443
1238 1667
1192 1846
265 395
798 2296
916 2313
481 1416
239 1034
89 1430
1023 1363
239 1527
1009 1064
873 1021
13 1459
37 1317
912 1173
364 467
143 822
681 2014
716 2171
253 1212
1403 2432
127 1324
808 968
1029 2122
159 948
454 696
3 1108
218 885
254 1708
1108 1315
943 2036
414 1893
266 786
293 1450
616 915
1009 2209
1273 1639
455 1494
1316 1694
698 1674
1139 2531
617 1240
338 1462
794 2153
414 1608
1183 2628
1308 2356
1000 1371
953 1122
469 729
641 949
159 424
560 1686
1219 2399
1019 1887
714 2043
1374 1777
289 450
1091 2307
407 1667
1259 2145
830 1532
159 403
805 1060
109 722
1346 2175
990 1252
1258 1563
805 988
675 1607
433 1348
1428 2429
38 801
438 1790
543 1568
2 497
1035 1414
291 461
1145 2590
720 1754
313 1421
1049 1290
1315 2702
850 1918
1046 2382
1147 1766
912 960
1362 1719
1189 2160
70 260
359 1415
274 1606
283 593
1014 1135
401 1270
536 1823
720 1371
756 1396
659 2073
83 177
615 845
781 1438
596 1991
820 2070
280 1439
918 2020
1066 1438
1273 2521
459 844
1214 1231
187 1164
587 1712
53 1435
330 1320
294 1233
1198 2152
473 1722
1075 2564
1409 2437
652 1668
5 501
805 1139
743 1061
718 1520
892 1335
567 1355
42 710
1310 1768
1232 1788
878 1984
891 1194
514 1475
530 2013
53 886
1261 2022
604 755
1122 2041
292 1689
1242 1719
438 1389
205 1444
578 1822
1271 1521
699 1547
921 1800
272 1162
469 894
742 1901
1360 2807
1138 2295
986 2483
983 1183
255 1233
411 1684
1238 1414
667 1807
666 1699
787 1092
757 862
60 1218
275 622
245 1440
1142 1409
1095 2475
190 485
253 923
1413 2620
313 682
921 1932
167 887
839 1471
927 1252
953 1592
261 775
627 719
755 1369
417 1001
1270 1613
456 499
469 924
442 1261
1064 2264
1159 2357
227 1158
1390 2545
88 292
774 1403
1249 2710
811 1787
103 246
535 1767
46 145
22 1493
689 900
41 1487
1138 1646
988 2079
722 950
1379 1938
850 2141
429 1206
1367 1760
1054 1397
1077 1414
520 1615
361 1299
64 551
411 1617
1170 1575
414 1399
944 1920
1386 2865
1118 1647
1404 2136
569 947
745 1918
1040 1924
1429 2762
804 1134
390 1407
1043 1607
812 819
960 1204
659 818
130 261
1424 2444
840 1215
45 1263
64 1084
630 1652
126 348
1404 2459
459 889
178 1150
294 909
527 1983
165 1371
1437 2373
956 1591
33 1279
834 850
258 877
20 199
801 1404
38 494
1266 1759
537 942
771 2028
1395 1781
1129 1300
1225 1932
1394 1656
1326 1864
71 734
88 1459
1426 2187
238 1024
148 269
871 2163
444 1637
667 961
1082 1778
939 1851
706 2105
1281 2119
1399 2780
633 1731
1045 1359
1007 1394
950 1045
907 1157
1221 2049
1007 1669
860 1850
508 1683
1228 1875
982 1043
1255 1763
903 2138
728 1920
995 1090
42 152
1143 2086
365 1809
704 1648
70 1074
332 443
1033 1755
351 1169
71 627
853 2006
545 881
200 1554
1153 2269
943 1550
1059 1297
851 1248
618 1099
1283 1583
1036 1577
63 1448
1319 2473
266 1679
97 898
627 1848
180 640
957 2323
714 1916
988 2350
504 1959
706 1001
332 1682
1029 2468
1181 2526
215 1321
1240 1725
532 2016
250 1091
16 282
1350 2538
332 880
911 931
931 1968
885 1979
994 1094
76 518
620 1022
635 819
149 937
48 1502
6 1386
1032 1783
1170 2358
264 617
1437 2110
425 1589
1210 1555
413 977
135 1221
1017 1027
435 976
1276 2360
842 2279
1395 1893
200 410
1296 1660
1316 2770
637 1239
651 1998
1371 1760
372 1798
1253 2186
986 2382
55 958
67 164
141 1561
993 1472
1406 2816
1418 1855
467 1712
1149 2305
587 1774
887 1805
1028 2220
172 1155
1018 2223
1113 2372
483 1464
1294 2620
722 1452
826 1051
125 177
962 977
236 1263
120 1336
1307 2644
730 1051
263 522
1030 2449
1331 2777
928 1085
981 1620
747 1645
1125 2168
857 1328
1336 2088
1331 2133
961 2170
1136 1194
1084 1663
481 1560
785 2033
316 1671
1087 2078
1254 2215
26 881
1340 2068
622 693
199 878
945 1415
839 1228
338 1105
42 1461
350 1560
871 1860
185 848
880 2325
989 1572
770 1096
1263 2340
902 1286
1370 1568
684 1623
1346 1831
1390 1455
10 1472
17 800
1351 2337
156 1341
967 2370
1361 2177
286 305
1107 2505
845 1980
408 1455
1047 2295
960 1204
862 1067
774 1246
804 871
1165 1978
158 1459
105 1514
7 461
179 542
951 1101
1412 1778
286 1712
1001 2436
285 571
56 780
1185 1575
168 1502
536 968
419 963
1091 1109
987 1335
1057 2208
833 1842
922 1226
137 1161
1324 2298
1362 1520
555 2015
936 1580
131 460
257 343
1241 2152
348 1387
917 1733
404 909
707 874
207 833
1312 1518
1206 2054
569 1807
713 1951
269 579
909 2054
42 920
119 1596
357 1756
214 1373
849 1049
1440 2284
514 808
626 1287
215 269
1260 2317
1065 1310
859 2186
853 877
192 444
874 1804
1094 2160
1226 2248
732 812
840 1629
1070 1965
911 1230
386 591
438 574
1290 2259
1249 2355
1315 2738
437 1223
1409 1691
1197 2121
1290 1918
721 1949
294 894
64 189
159 882
1428 2739
1085 1183
932 2118
702 969
799 1376
1251 2259
789 1628
1349 1756
195 1606
1079 1669
24 952
8 797
1148 1151
29 220
1240 1566
231 489
292 788
160 718
549 1393
615 1079
738 1812
1385 1617
376 1409
1341 1567
208 701
956 1934
401 1630
972 2289
680 1094
76 230
792 1274
53 479
986 1746
589 593
1416 2244
402 1226
196 1242
407 1239
445 1313
429 1256
139 726
462 1446
471 806
570 1742
543 730
992 1024
1196 1822
696 698
1316 1819
469 1261
559 1187
217 590
1373 2104
348 1555
1104 1369
1416 1602
575 584
1323 1919
946 1619
1233 1396
515 1836
733 1601
774 1127
42 570
1185 2473
1240 1652
36 553
1018 1312
399 691
1423 1694
1438 2918
850 1127
682 2081
607 1251
723 1279
371 1603
27 741
481 1716
658 2008
254 687
319 993
1060 1302
983 1587
994 1112
825 1302
670 835
1040 1506
1243 2042
1253 2231
421 522
343 1004
1334 1782
1272 2379
713 1000
238 1693
871 1033
667 1841
74 316
989 2030
483 708
176 788
892 2391
619 846
47 255
506 1658
345 687
1306 2203
253 1104
386 1783
219 726
324 1616
103 862
509 1215
523 1333
216 1080
840 2216
263 769
464 818
445 502
1009 1143
414 1098
1136 1926
1383 1461
728 1876
162 622
630 1702
4 130
124 850
1245 2118
1399 2010
619 803
914 1388
460 597
1026 2189
867 1463
788 892
814 1630
444 1914
85 509
122 868
1183 1216
817 827
1190 1338
463 509
1131 1770
687 1192
180 1297
422 1801
461 1716
257 772
218 899
1090 1297
1346 1784
744 1075
917 1457
433 648
983 1399
967 1630
758 1717
949 2215
341 503
421 523
441 1848
1062 1815
1012 2464
1393 1973
1096 2483
12 258
856 1153
1167 2516
920 2236
1246 1622
991 2073
43 915
1022 1585
100 629
779 1852
1083 1754
1425 1483
266 584
409 1333
309 863
1224 2661
738 1838
291 292
1215 2075
894 1830
746 1625
1242 1737
752 1070
1368 1879
225 982
432 504
483 520
1322 2504
1091 1365
476 718
1319 1999
1136 2339
1395 2656
628 1000
744 789
966 1344
655 1576
1081 1232
413 1030
1272 2043
533 1589
111 1243
456 1473
23 563
72 1079
1156 2501
491 1432
767 1893
1026 2484
867 1434
136 1408
1268 2569
290 799
315 1317
1290 1385
213 1118
839 1992
1043 1295
694 1599
1125 2331
752 996
1395 1472
313 1674
762 1406
437 1347
1140 2599
342 502
622 1560
1239 2513
527 1520
13 266
120 1406
245 765
929 2175
737 989
860 2172
162 296
294 1564
324 518
279 1057
722 1831
78 144
1258 1530
644 1503
169 383
434 764
627 2019
851 1494
615 1701
121 1232
917 1865
566 1470
1115 2468
74 755
401 1595
751 821
386 496
911 1145
900 1285
806 1054
363 536
719 722
44 707
899 1617
109 469
1228 2217
809 1434
1431 1545
515 1157
186 582
338 581
1420 2805
134 1275
1121 2131
293 1611
396 1624
158 601
506 1371
887 2024
1129 1187
506 1189
763 1516
608 2085
1363 2648
1319 2689
843 2009
62 1291
900 946
1136 2155
915 985
46 577
387 1677
947 2024
474 871
321 1548
981 1126
834 2262
440 1169
707 1777
1347 1352
1199 1487
275 1206
136 295
1167 1471
690 1024
309 1584
1353 2703
44 147
931 2034
1284 2699
1272 1471
1236 2115
646 1077
470 624
986 1160
1203 2170
1063 2456
814 2248
353 1169
802 2022
359 1281
243 1112
22 957
993 2305
784 899
1011 2305
1112 1144
908 2310
512 1015
1029 1888
271 977
358 1055
1391 1873
350 875
71 459
279 885
1164 2609
278 1437
259 869
870 1063
475 1676
138 253
1085 2375
953 980
1429 1786
909 1556
648 711
839 2075
492 1712
1314 2188
1062 1644
726 1000
957 1808
656 1210
1279 2271
962 1170
472 1292
320 1181
1265 1455
477 942
701 965
341 395
734 1930
1096 1905
1239 1460
65 1425
623 788
108 874
1205 1635
339 973
71 353
162 1601
1225 1504
854 1382
829 2068
83 1363
117 181
934 1124
578 1251
490 1529
1036 1597
1150 2562
241 1556
1332 1940
381 1160
307 1755
743 1394
830 1255
154 171
232 405
1185 1488
741 1518
458 1686
443 1608
567 1196
546 1885
949 1433
57 1216
417 1892
645 1354
631 860
447 487
1118 1145
1170 2016
1172 2513
974 1857
481 1185
590 1420
679 1546
1134 1250
351 649
1094 1392
648 860
1153 2650
1074 2565
1397 1783
963 2293
877 1345
1001 1202
1311 2255
653 877
626 1416
480 1199
784 2152
832 1928
497 507
935 1476
779 1924
1087 2417
768 1254
930 2146
120 1029
246 750
626 1318
1276 2545
1165 2504
1431 2403
523 1923
144 385
669 699
90 1012
759 890
676 1532
1283 1322
457 1247
1418 2398
1235 2093
1127 2269
899 2135
1394 2301
497 1577
354 1671
445 1262
1263 1855
750 2076
957 1797
1324 1735
499 826
90 283
847 1722
720 1858
408 419
562 617
1178 2359
36 719
312 364
1377 2147
1049 2190
461 1083
876 1969
659 1015
259 989
20 690
356 728
1356 2059
448 1882
172 1288
1106 2196
363 1306
1298 1526
694 1390
672 1950
1020 1470
1067 1512
1065 1258
833 1301
1371 2380
1360 2331
1409 1609
452 1511
243 1016
632 1350
174 626
1060 1358
942 1076
452 690
598 624
849 1672
1125 2077
1433 2406
880 2000
1345 2368
808 1362
727 916
563 1152
474 1671
1004 1598
291 797
290 1229
868 1927
94 1221
400 679
48 1228
60 589
1264 1937
441 685
517 1473
459 1902
1370 2050
1165 2625
713 1363
487 1919
1017 1149
1423 2543
165 363
828 983
882 1542
391 1444
1418 1637
1395 1856
1130 2183
860 1859
1282 1819
1240 1604
1069 1431
623 977
265 676
1122 2197
494 742
363 1601
260 1723
1247 2736
427 1442
319 1533
122 134
733 921
1253 1834
860 974
645 961
486 1160
162 1469
942 1307
182 807
1141 2211
841 1700
874 1017
1363 2352
28 921
1099 1660
401 1591
372 1046
271 1454
729 1457
1413 1967
497 768
141 310
703 1371
1169 2500
818 1656
127 148
1383 1629
479 1048
308 791
1030 2471
1082 2209
849 2102
1382 2106
131 554
1424 1884
154 666
486 1390
194 848
290 1064
145 1471
552 1977
347 1620
34 1516
565 1815
215 1444
658 829
724 2201
241 1222
1293 2010
198 1442
436 1770
320 1361
367 959
88 306
914 2034
689 1452
1263 2149
1076 1303
1320 2260
344 1238
9 31
797 803
967 1220
750 764
472 1888
1357 1844
360 671
106 209
506 1016
319 1513
1299 1597
392 717
493 865
363 733
681 1199
531 1127
387 831
733 1263
92 243
1017 1164
82 1044
120 1363
1321 1529
696 1008
413 1585
1084 1261
60 370
1060 1324
1322 1558
1439 2603
304 1248
418 1069
172 779
1389 2560
673 1928
204 1361
356 900
1362 2485
1007 1098
1244 1626
574 869
1401 1561
1200 2532
683 964
1405 2568
1252 1793
1386 1740
599 1346
973 1572
819 2110
1097 2528
979 1669
1435 2853
600 1945
1357 2617
571 1367
713 1977
1030 1842
370 1305
771 1707
1176 2507
473 656
873 2187
479 1350
12 826
47 167
78 1510
891 968
585 1168
632 1679
1275 1545
156 821
214 915
1094 2576
900 1754
557 965
1394 1431
1308 2470
64 1202
157 208
1057 2507
803 1205
1199 1521
121 1430
1032 1563
820 1316
791 1360
437 912
486 952
825 1272
294 1773
5 489
444 1076
1377 2817
915 1169
406 1514
735 1246
29 1409
1216 1475
906 1689
57 1086
395 642
247 1444
633 2133
533 1503
596 1393
1437 2027
171 222
242 1175
1297 1640
496 1146
281 1434
1030 2263
770 1723
593 1532
438 527
1326 1966
779 1613
1010 1595
1438 1527
1110 1217
518 1602
1051 1068
930 2197
67 222
1406 1566
537 1450
665 2082
154 176
899 1381
1328 2133
534 719
346 1421
338 458
1130 1172
1282 1493
889 1018
381 1355
808 1894
1247 2289
389 1327
57 79
1129 2208
846 1151
766 908
131 265
361 1613
484 1337
1357 1985
1214 2706
222 272
160 354
994 1333
603 1431
913 2327
12 778
1109 1822
908 2278
665 829
511 698
257 1410
914 2198
607 1502
1067 1784
1199 2106
408 794
983 1788
374 793
875 1155
1147 2347
536 1894
21 273
998 2330
354 850
52 391
11 1295
1413 1695
72 499
75 131
364 1325
771 1340
1309 2634
456 1948
23 1090
653 1045
569 1512
1257 1834
853 1537
1256 1768
804 1940
45 1290
775 1046
1304 1530
348 765
1326 2228
907 2321
817 1096
1070 2378
607 1207
1088 1294
991 2409
6 520
138 1361
1347 2033
678 1129
841 1590
802 1393
1275 1799
43 983
1361 2501
658 1477
581 859
110 1414
395 1705
969 1016
550 1815
37 185
171 795
1284 2346
1095 1882
1 431
81 470
630 1148
129 855
248 1193
126 316
913 1173
1137 1436
948 2446
722 751
658 1091
1182 2280
980 1560
1052 2067
240 915
365 1782
1352 1630
1291 2736
432 574
1290 2281
595 771
281 817
693 958
596 962
114 1047
456 462
1262 1490
386 1117
1366 2792
1430 1996
914 1401
34 1054
1225 2161
418 1913
1368 2764
1301 2056
1164 2465
1076 2386
828 1619
8 723
924 2166
415 687
595 1259
1016 1641
1248 2716
481 1384
1325 2800
235 828
226 530
1243 1840
536 1409
815 1216
1037 1644
231 1509
927 2420
1236 2238
309 1250
674 1101
501 534
234 367
27 620
398 1521
1118 1430
657 954
1011 2282
169 528
880 1200
1100 1751
956 1856
467 1618
1354 1500
956 1306
1273 2196
1024 1525
1408 1758
877 1973
98 1080
686 2015
913 2073
1108 1825
719 1067
1208 1870
459 832
322 1760
795 2019
62 905
887 1757
85 507
294 1158
457 1681
478 1566
492 1316
813 2202
284 622
690 1319
1358 2741
922 1733
576 1877
263 879
285 1556
932 1496
508 1880
849 868
1294 1657
809 1377
850 2328
26 1172
389 1545
1017 2474
502 1031
1312 2115
665 1354
510 728
568 1320
267 1535
996 2304
1389 1707
48 271
331 388
54 624
1109 2276
432 1551
1129 1978
455 1261
1428 2327
664 812
1322 2267
661 1681
331 671
542 553
169 1147
1229 1553
608 1947
378 1429
318 1316
794 2260
355 1149
912 1046
56 738
1234 2658
325 1737
260 261
943 967
942 1465
117 1460
414 433
276 1598
1439 2470
1200 1206
91 716
291 697
832 1495
43 1198
1418 2644
898 2274
651 1168
648 1223
985 1661
1375 1457
1247 1351
1014 1189
251 1488
802 1770
750 1354
1280 2466
1064 1937
51 402
128 322
472 1108
249 971
748 1956
898 977
528 798
507 1234
1220 2676
647 2066
864 1807
1435 1871
820 1543
184 1407
1208 2366
612 1603
62 818
1214 1876
1427 1908
576 1512
1306 1683
335 1111
1303 1569
451 616
697 758
727 1292
1294 2188
575 1603
1142 2512
576 1905
1285 1989
47 400
739 1246
184 1065
1203 2296
931 1614
888 2106
1399 2203
1156 2388
13 617
305 1771
983 1588
343 478
442 804
1017 1758
67 980
756 1377
1080 1900
807 1518
1264 1809
538 884
700 1069
1279 1612
932 1285
112 1098
1246 2729
9 319
305 1509
648 927
31 1519
996 1757
797 1845
574 1527
228 1575
1432 2508
250 1511
1376 2438
266 771
1412 1486
135 136
1076 2175
296 1684
236 1553
63 923
1435 2749
859 1344
1432 1933
964 2336
929 2399
1277 1515
71 575
813 1233
1080 1571
1099 1848
716 1463
172 870
1112 2359
329 1263
523 1661
1431 1631
851 1557
1432 1434
1231 2239
483 871
326 1033
603 1145
1160 1624
461 763
1020 1263
1328 1894
1330 2650
44 410
53 869
1322 2494
569 1512
131 543
600 634
111 1326
265 522
421 1254
653 2020
143 1118
182 873
874 1762
1403 2145
434 1331
1209 2647
830 2312
453 595
471 885
1309 2279
1081 2522
614 1468
167 1640
6 1338
4 1017
853 2266
1312 1581
526 1082
1427 2542
311 1167
433 1107
657 1535
2 969
25 326
434 1336
362 1056
525 1743
1268 2645
203 985
901 1756
367 862
107 214
388 430
568 1209
6 696
681 712
1363 1440
233 1293
1170 2015
779 1289
1196 1488
918 1704
1031 1850
878 2310
419 1608
479 1515
667 1554
351 1085
225 1105
988 2109
492 1229
924 1098
1125 1885
160 1013
1221 2040
934 2038
698 1780
677 680
970 1714
502 1967
519 633
1437 1877
1354 1453
571 1897
402 882
1342 1420
644 1791
845 1277
267 1625
738 1499
1098 1369
1305 2788
406 1053
1052 1537
857 2230
1240 1998
491 1034
8 562
489 1746
153 622
419 1603
274 425
708 895
353 1426
1259 2024
244 1582
832 2121
1064 1313
1274 1445
508 947
284 1189
719 1859
1111 1352
561 840
1116 1441
470 922
77 692
471 1333
69 1244
607 1525
687 1372
1319 2788
1350 1803
148 602
508 1091
617 1622
924 2056
1228 1759
517 996
231 1045
367 478
90 91
1322 2683
1125 1610
15 414
714 1316
1322 2244
948 1887
1033 1825
185 294
1058 1578
358 1108
1209 2024
175 930
1173 2671
1103 2070
1163 2283
1331 2269
1304 1351
174 587
624 1597
249 865
1042 1731
1213 2237
896 1754
862 2167
767 1072
167 677
1221 2596
1181 2330
573 1551
402 1279
206 667
1050 1374
939 2028
627 1118
220 272
106 1531
1401 1613
303 376
851 1264
1365 2638
831 1153
995 2099
609 2006
304 1074
1296 2081
1238 1405
1086 2180
1288 2457
1091 2167
1000 2450
1417 2826
1045 1749
579 1298
1076 1404
554 1555
865 2302
408 810
914 1004
201 1317
630 1046
93 202
769 958
99 1374
946 1100
1167 2460
234 1189
243 1328
1096 1254
10 1154
255 861
1032 1349
1440 2871
792 1637
404 583
900 1112
1050 2414
1211 2324
689 2010
733 1079
620 2039
799 1917
74 772
476 1800
104 780
932 2057
1133 1946
268 1614
505 1166
641 983
889 1451
593 2089
943 1242
1388 1964
177 1294
39 1126
986 1887
159 1292
199 1417
1382 1745
1170 2495
1258 1949
1165 1555
323 1100
55 946
496 1498
872 1985
385 1534
867 1382
295 1342
1036 2326
329 864
760 1094
49 924
972 1146
552 1410
1106 1987
399 602
119 353
1343 2035
169 1325
418 1465
957 1864
835 2088
852 1912
793 1985
1217 1823
1095 1941
413 1091
318 524
190 243
721 1440
761 1033
1305 1736
205 442
1291 2496
597 731
789 796
618 1763
398 1570
4 1082
599 1750
1187 2587
1313 2802
1316 2600
756 997
1361 1671
795 971
1304 2428
699 1809
411 1644
21 640
1413 1649
928 1166
779 1836
746 1856
641 1520
249 338
65 665
53 144
142 1115
1126 1333
570 982
963 1442
1364 2751
712 1540
294 1157
897 1408
197 813
4 100
602 1781
1151 2501
191 672
1093 1363
1007 1671
422 1180
661 1926
406 1359
734 1494
385 620
174 643
1272 2743
595 732
663 763
1106 1117
613 904
825 1445
1096 1227
909 961
1191 2106
36 1172
938 2166
1203 2149
927 1040
199 238
1147 1687
34 1193
767 1807
115 146
685 1597
249 768
161 560
913 1149
659 1538
58 1408
535 1670
1149 1691
1146 2575
944 1874
348 1319
1077 2005
592 1636
142 357
589 1995
24 204
683 2099
1339 1720
740 1859
634 668
295 918
1411 1902
1389 1680
1314 2712
872 1868
1033 1036
896 1037
959 1757
916 1658
136 277
1217 1436
607 1498
1217 2222
771 1147
1077 1369
1400 1774
191 346
1332 1516
1326 2709
1381 2763
1035 1901
36 83
1042 1185
737 2232
406 945
1366 1824
1144 1163
565 1335
1184 1902
1084 1235
230 876
964 1677
1042 1729
982 1211
1379 2125
1196 2282
1110 1197
1216 1589
1070 2103
709 1104
181 751
55 1379
1012 1307
446 591
542 1009
361 953
386 412
972 2349
1237 1745
1195 1822
312 480
779 1167
892 984
687 1392
15 441
1247 2262
914 1649
409 980
911 2410
224 1441
901 1057
1121 1524
180 1614
470 572
193 676
78 1457
1401 2659
1253 2508
41 788
122 316
1029 1754
537 1528
356 1854
1224 2559
209 1100
565 1188
1371 1590
934 1098
893 1813
7 489
699 1160
244 1350
707 1962
381 1612
359 1504
1058 1945
274 1167
887 2288
858 1069
448 545
1356 1607
973 1494
723 1433
546 839
1275 2238
92 757
894 2176
1269 2533
1358 1755
1180 1482
613 1875
838 1347
341 664
240 426
450 1884
1232 2156
122 784
509 1404
226 1475
1368 2010
920 1424
1002 1020
1111 1790
772 1593
923 1465
10 823
1350 2062
30 573
1344 2375
813 883
299 1277
1401 2741
746 1683
178 569
117 1541
564 1770
144 1091
300 751
970 1236
9 470
1399 1855
1192 2451
195 965
634 876
638 1620
191 989
1292 2108
553 1209
1072 2332
866 1170
1122 2139
1271 2727
421 1121
780 1897
465 1923
572 640
130 225
934 978
366 1699
1121 2514
784 2097
203 1429
943 1798
185 1436
794 1953
428 975
68 790
274 1195
915 2056
653 1855
710 958
656 1571
1043 1701
1039 2343
285 1778
309 508
440 682
499 1214
115 1555
754 2147
207 662
664 1447
251 1598
950 1663
913 2403
1 1407
1065 2196
1061 1620
24 190
225 1619
293 902
828 2308
1049 1177
270 1414
582 1997
893 2301
478 1679
419 1545
1146 2548
671 1948
571 1510
361 822
831 1257
622 2042
555 970
103 539
689 2062
1291 2062
486 488
1000 2128
871 1820
162 272
138 737
1406 2046
556 762
1002 1902
795 1609
1401 2498
960 1728
1144 1279
482 1650
266 983
1275 1850
1389 2363
323 1332
1146 2280
555 646
163 901
937 1452
671 893
626 1810
59 440
422 953
1186 1227
88 848
125 1325
544 1694
455 1699
54 1016
899 1696
662 941
142 395
1435 1892
733 2025
1071 1463
1020 2104
14 1341
1062 2162
1131 2039
351 1742
757 773
518 1195
1176 2619
195 1046
928 1071
155 1606
234 1145
320 863
1233 1399
152 1434
91 928
110 351
867 1144
1208 1383
1233 1408
10 775
667 1122
383 544
612 1868
1404 2345
1230 1784
527 1968
486 1143
779 1820
937 1433
442 623
67 1401
1020 1177
871 969
977 1544
1079 1317
665 864
929 1473
334 631
1403 2710
94 755
1234 1485
1422 2226
95 204
1338 2585
957 2229
1290 1848
1264 2473
1053 2356
862 1570
1351 1882
725 886
851 2287
1214 1238
550 793
306 751
252 1249
1161 2325
760 1959
113 355
1325 1939
1300 1392
428 1135
841 1038
294 1239
1077 2164
378 417
420 666
1439 2486
908 1315
13 954
624 1477
1191 2531
1400 1881
1022 2276
801 2138
1037 2347
639 779
1368 2297
31 1465
481 1629
202 801
553 1550
1018 1162
699 813
579 1516
771 1925
415 1194
1033 1688
950 2199
699 796
556 1423
1174 2359
956 1659
308 1335
11 532
138 1368
648 1368
472 686
1185 2550
333 1561
1434 2788
567 1447
238 1300
917 1052
1345 2180
709 1781
860 2104
1303 2255
1225 1608
1422 1926
320 1692
1336 2833
704 1377
843 2148
873 956
420 1506
898 2241
598 1981
1421 2213
415 1246
957 2271
421 671
1025 1685
9 202
261 1326
149 1305
527 813
452 1421
200 862
1334 2229
1074 2188
1105 1576
1040 2523
1308 2184
986 1775
39 1100
546 983
266 1267
1047 1258
617 1371
1369 1880
298 1560
344 726
516 1039
1430 2167
411 852
417 1526
867 2336
745 1082
466 1596
1277 2494
1291 1895
234 580
337 1718
536 905
1311 1404
933 1146
1061 1350
957 1330
937 972
324 492
1064 2387
1289 1912
49 1350
746 1230
180 1329
1020 1443
400 1347
1135 1632
1124 1527
106 929
1199 2592
303 1522
107 1446
277 1740
451 1754
132 512
585 746
1221 1965
196 953
706 805
1399 1978
7 1116
669 1527
1349 2246
1347 2793
47 665
213 1400
538 1599
997 1842
762 1617
928 2260
698 1151
1032 2198
583 1858
643 1714
1019 2163
55 1188
43 123
1118 2084
815 879
1295 2129
949 2340
1354 1533
1169 1540
1033 1755
442 1287
340 493
774 1975
706 1235
802 1657
487 858
975 2032
1364 1572
1112 1884
847 2206
484 1767
1165 2319
1167 1966
187 1276
60 78
748 1148
852 2054
405 1171
220 578
399 1686
621 1747
1270 2697
31 853
1423 2669
341 1624
197 1410
56 438
692 1542
967 1435
1102 1434
22 803
834 1210
1073 1713
514 1233
459 1705
492 1718
999 1714
734 1279
827 1628
272 606
905 2257
889 1967
167 882
943 1207
314 1785
282 413
73 278
854 1085
199 1199
748 1309
144 1101
675 1636
1197 1965
843 859
845 1872
758 1222
111 127
1112 1861
578 1895
1083 1531
557 1132
40 183
497 1621
1039 1960
690 1508
95 1130
1084 1271
332 1613
1439 2125
210 1678
948 2251
1146 1558
1074 1251
1440 2113
552 1337
514 1913
836 869
1328 2030
1432 2512
955 1695
103 906
974 2426
410 1436
207 650
1135 1545
321 521
823 2177
1394 1808
1167 1583
962 2090
756 1265
214 875
1176 1738
1427 2132
459 1928
128 1061
1081 1380
603 1175
253 1127
994 2125
693 1040
749 946
215 459
1144 1727
1360 1726
105 1322
748 1897
818 1822
1181 2276
1085 2367
1086 2189
1266 2551
860 2176
282 414
683 1860
374 1277
881 1321
144 620
182 829
1157 2007
1236 2401
134 878
879 920
1382 2267
696 1476
886 2016
1308 2173
1204 1583
1211 2482
807 902
336 1057
1116 1273
862 937
389 1046
65 1270
757 1011
530 1031
940 1996
1418 1704
1004 1412
439 1679
1029 1199
76 1253
849 1234
1403 2082
1430 1856
318 1767
501 546
593 784
607 1938
723 1466
911 1444
1029 1331
926 1279
308 1342
893 1923
490 1191
432 1298
429 1543
1095 1188
1224 2409
980 1818
206 930
18 149
1360 1592
883 1789
384 692
1186 2169
260 579
240 289
1248 2365
1381 2668
476 1712
331 1384
1405 2735
1433 2168
483 1240
81 918
1436 2278
1012 1028
1432 1758
69 485
6 1488
890 981
1085 1705
1098 1205
653 2118
389 1746
671 2019
1002 1661
48 1208
1280 2168
849 1696
442 1649
1210 1757
87 238
177 352
351 1194
1369 2401
561 1207
1318 1725
305 1574
1273 1794
1145 2218
109 582
37 603
1194 1214
1364 2846
169 587
601 1339
107 203
1136 1878
1221 1892
575 733
1275 2192
566 2003
1301 1645
309 1156
838 937
846 1673
933 944
349 543
462 1927
447 1882
381 862
542 1516
1384 1498
334 716
1248 2412
1273 1535
1423 2039
660 1751
1095 1307
111 306
389 1618
950 2145
1264 1389
707 1335
167 705
67 1487
1411 2396
277 1042
77 802
366 1530
724 1177
1038 2120
566 750
1341 1983
11 1132
22 729
42 705
466 805
393 1816
765 1781
1139 1173
965 1217
714 2102
349 1588
710 1530
1348 2146
464 1283
586 1583
884 1430
276 334
426 1035
386 655
669 1135
380 759
1026 1583
134 1345
960 1793
560 1663
1112 1630
1411 2804
718 1790
458 1261
1320 1719
95 1222
1040 1556
1151 1571
1322 1538
135 1119
935 2260
937 989
693 1446
1055 1330
1141 1723
505 1937
788 1240
1381 1448
1256 2198
290 360
362 1255
304 705
683 2038
846 1796
425 444
1272 2071
1302 2192
1206 2217
1141 2094
454 1680
5 346
572 1750
98 380
437 459
526 1536
603 1477
823 1270
791 1178
436 602
595 2070
717 1451
157 580
642 1995
960 1405
801 1383
1070 1652
557 1802
698 803
1085 1111
619 1895
1250 1574
655 2087
552 974
175 585
233 275
1338 2155
153 809
678 1210
1194 2420
869 1237
195 1570
538 1678
392 1636
432 1487
1269 1665
23 653
784 1767
697 2073
339 1141
1155 2347
1225 2236
975 1222
1390 1525
374 1534
1166 1369
771 1919
1349 2789
918 2104
255 1399
1350 2669
424 1295
275 479
774 1603
816 1955
314 829
973 2359
1437 2576
996 1294
921 1051
169 710
157 1520
789 970
999 1169
582 757
416 1464
1135 2438
615 717
758 2182
1385 2038
1362 1521
67 301
945 1201
77 1381
697 1475
974 1526
1349 1753
229 1434
1188 1699
1135 2454
1324 2300
593 871
1353 1469
248 1708
392 1321
47 366
781 1105
926 1928
613 1792
997 2044
1328 1797
580 760
902 1383
699 1904
740 1204
47 601
121 704
249 1677
350 651
1335 2376
1108 2245
692 766
495 1249
696 907
93 1179
207 523
1429 2367
609 1356
248 1205
730 1039
206 1371
164 320
1326 1573
637 1343
1123 1536
480 1114
1434 2891
645 1073
634 1390
341 860
7 10
530 1987
579 2078
416 1097
198 731
658 907
1268 1639
1169 1859
1102 2360
920 1512
1347 2819
931 1517
228 1726
884 1790
1015 2226
1404 2028
1197 1595
655 1071
23 604
522 1158
73 823
842 2182
1104 1435
779 1551
1133 1224
773 1122
999 1176
385 1295
523 672
1036 2466
471 1069
179 1218
184 1499
1354 2552
1159 2388
1262 1540
247 1497
665 1170
239 1062
406 909
938 1335
15 1112
1334 2456
567 1014
1433 1626
301 707
419 1479
805 1702
1215 1443
1388 2487
1308 2586
542 1080
1285 1608
461 1005
557 1779
2 1367
983 1397
714 1303
1260 2404
254 648
260 467
621 1347
187 1575
1206 1571
717 1270
448 741
218 553
515 1962
153 1638
272 763
948 2326
100 910
1294 2419
1237 1823
778 1451
1240 1954
1371 1542
356 1799
388 1103
1301 2053
1037 1867
972 1140
15 238
985 2283
452 566
380 545
1363 1736
222 678
1068 2069
862 1541
434 985
672 1883
43 1012
1066 2065
375 1401
1435 1743
232 780
685 1011
212 1170
923 1337
504 1896
1148 2236
106 1107
1023 1088
299 370
117 548
1133 1920
237 1645
864 1623
593 809
1234 2492
283 420
138 762
602 1186
1168 2581
332 597
696 1737
1293 1710
646 1536
44 1414
888 1166
53 1493
1013 1857
1134 1322
430 616
372 1068
375 1687
314 540
497 680
1404 1860
366 1198
652 1407
619 1403
1078 2180
661 1564
1121 2161
1298 1869
965 1028
997 2019
369 1783
1200 1383
888 1464
902 1357
509 1276
1222 2552
283 1506
545 655
971 2006
940 1924
166 1481
443 885
905 1987
1183 1598
1182 2082
603 1794
1364 2236
1056 1475
1008 1743
446 1016
738 1870
1038 2453
332 1724
1304 1367
296 515
1068 1249
324 1808
496 1349
955 2382
718 1940
1329 2028
1197 1342
463 870
1231 1454
1300 2364
418 1676
651 1332
92 1056
654 1963
661 1501
606 1820
917 1473
237 1108
376 1750
720 2089
1290 2148
880 1580
127 322
384 1142
1121 1532
505 1023
906 1150
155 673
1131 2481
104 387
710 1063
505 1677
987 2228
1252 2057
387 1421
113 929
972 1471
924 1157
614 942
971 1408
1093 1671
660 686
498 1868
1175 2614
179 1585
527 1709
1027 2368
917 1338
287 872
346 1118
343 376
28 918
470 1851
846 1183
1272 1598
144 523
42 1477
1011 1193
832 1680
532 1194
1151 2369
243 606
1237 1270
1230 2451
473 1469
586 752
1277 1504
1194 1460
525 1758
1383 1873
995 1856
345 441
654 1024
973 1872
993 1446
883 1421
248 577
305 1604
507 1815
881 1774
46 1308
213 1373
1300 2462
116 435
1031 2332
841 2153
476 651
972 1302
227 449
790 1313
1135 2201
1367 2852
4 1383
610 1788
1184 2399
938 1205
709 1423
1426 2227
1188 2126
922 1095
1016 1409
533 727
1214 2324
153 466
781 1448
88 1406
76 811
177 180
1095 1857
233 1669
911 1493
491 1698
27 323
1002 1148
199 1278
1285 2009
375 1296
866 2055
772 1284
1144 2024
1143 2547
538 971
1111 1409
163 1066
1142 1664
1159 1554
333 414
486 1068
536 1274
747 1419
1052 2190
200 1332
1027 1111
370 626
756 1561
782 910
920 1655
713 964
203 209
490 1632
1169 1891
721 788
1018 1815
1025 2104
633 1169
954 2169
93 652
1174 2117
135 601
372 1664
131 790
1319 1991
387 984
21 441
913 1388
321 1148
131 357
643 1667
454 714
1186 2038
587 1006
1267 2363
384 1744
1229 2707
403 1149
359 1580
481 937
90 642
234 1320
1358 1761
409 684
309 1633
1182 1318
163 389
1309 2409
1259 2379
819 1187
70 654
917 1590
568 646
1258 2432
1169 1272
575 1329
493 925
1346 1815
949 1745
89 1252
198 1550
204 371
727 884
8 985
1125 1479
881 1951
973 1915
643 2103
409 618
1364 1967
860 1680
913 1918
122 1132
1066 1832
4 704
1440 2756
31 1370
512 1223
1303 2797
594 1109
85 1466
69 1241
1197 2156
519 1153
202 1627
404 1885
998 2428
919 2101
558 916
578 957
51 88
223 1338
516 1098
758 885
1068 2362
124 240
192 1032
765 1444
703 1896
255 1311
547 898
290 997
1100 1656
998 1901
1223 1836
646 1216
1117 2534
332 410
555 1002
514 877
939 1524
1040 1541
25 659
356 467
621 1886
1244 1844
867 2005
1138 2356
895 943
87 294
437 1403
226 1356
698 1310
719 1473
1288 2005
1161 2547
574 1833
243 1657
1282 2499
344 529
1148 1877
787 854
444 1229
231 1245
1021 1400
125 1581
479 1905
1106 1128
478 824
882 1416
614 820
8 1105
167 640
1416 1625
641 917
1000 2200
155 895
1310 2168
335 926
921 1186
277 1203
1106 1676
668 2135
152 259
388 884
930 2213
1273 2198
323 1583
397 1647
977 2062
1160 1542
960 1053
732 1575
51 442
249 1334
750 770
126 1597
1358 1404
1114 1205
446 1386
1311 1439
856 1848
1034 1411
696 2173
281 1107
934 1491
40 134
207 779
808 2104
584 1495
48 185
585 1411
983 1386
378 1200
789 1658
43 1415
196 1117
1256 1293
4 170
448 909
854 1400
1170 1690
1290 1516
85 858
1356 2320
1157 2455
743 1718
758 2198
688 783
933 2413
896 1370
365 1495
721 1773
385 419
1181 1245
1162 1294
33 73
1145 1499
667 1292
719 1347
294 1143
306 1711
733 1320
1161 2173
122 860
1425 2256
584 1825
794 2130
944 1685
866 1484
1313 2465
219 1529
1241 2027
701 913
770 900
1171 1358
370 1488
989 1526
672 899
392 987
929 2383
1016 2478
1414 1560
96 516
1295 2395
1288 2459
1305 1578
1012 2415
1014 1721
44 1532
1283 2376
1045 1928
109 468
660 1373
536 1742
1187 1214
254 255
640 1444
937 1196
438 1380
993 2218
1133 1507
238 419
745 960
826 1156
602 1652
1069 1404
854 1136
60 795
1223 1362
489 576
435 1212
872 1285
1296 2299
475 1925
1192 1454
703 1884
1364 2268
143 388
693 1381
1031 2209
57 1287
831 1781
439 457
73 1098
1099 2291
600 711
1326 2385
844 1628
645 1411
221 233
756 1032
868 1905
798 1481
48 600
1196 1704
271 1333
537 633
1433 2274
613 1441
674 1039
953 2375
740 1577
1340 1549
394 1063
1126 2131
612 1310
1123 1350
465 1589
834 1848
1316 1322
1256 1769
691 1322
870 1442
1206 1353
820 1438
479 1962
587 875
602 1856
307 772
132 1046
637 658
1165 2094
31 788
191 1450
187 702
175 255
131 769
41 219
1394 2162
475 1898
1182 1883
190 925
1221 1973
462 1915
867 1293
82 524
1228 2501
178 1450
411 1415
372 797
554 1985
886 1182
636 810
667 1946
514 2001
1113 2058
1026 2249
1381 1756
401 1861
789 1349
470 1289
58 1385
249 318
1409 2746
945 1708
617 950
1265 2570
92 1502
1168 2428
1108 1404
1346 2331
1156 1463
1307 1518
348 1554
1145 2617
1097 1974
1225 1485
593 855
1419 1623
239 1723
16 329
431 1899
628 1798
484 1197
925 2280
975 1680
816 1506
210 898
16 1302
786 1584
974 1026
5 654
296 1350
1243 2117
1394 2799
124 1417
21 1009
207 1609
21 969
1223 1256
31 1341
233 1542
170 932
724 858
356 1286
73 1251
1276 2021
705 1742
404 1192
680 2040
404 1740
1124 1811
1239 1339
542 1882
282 1433
498 983
980 1692
288 1615
1124 2530
1001 1438
812 1838
336 1414
163 1083
956 1209
481 1551
1272 1336
427 1770
305 356
35 694
786 1498
86 1572
73 897
917 1266
167 1336
1216 1260
836 1079
1311 1703
442 1259
171 263
212 1270
623 974
471 714
405 798
1421 2518
64 334
915 1225
587 882
1338 2074
622 2032
104 1019
248 289
1265 1319
1313 2257
12 1321
1031 1661
652 1415
1309 2389
435 437
499 1159
223 459
181 844
324 926
646 1042
617 700
657 1826
621 777
972 1115
1096 1150
990 1800
1022 1182
624 2049
21 1391
74 208
1005 2164
1060 1359
1332 1498
588 2050
697 1550
29 457
655 1851
1427 2001
846 1160
567 2026
635 961
1186 2072
378 679
577 1549
548 1281
1372 2812
309 789
330 1178
292 841
1148 1889
138 1344
518 1632
128 1132
743 2063
482 611
568 1956
1291 2202
672 1532
670 788
359 1311
1435 2334
96 1440
236 247
1353 1916
1176 1771
717 1715
729 2105
1187 1474
24 683
969 1751
1131 1555
573 1786
1196 2230
49 595
542 1262
1432 2363
105 549
857 1453
466 721
499 1443
1440 2733
604 1910
453 1363
1100 1102
755 840
769 1943
1149 2435
1009 1611
850 1995
1378 2238
1170 2145
962 1078
722 1723
104 1315
142 751
1376 2506
848 2012
1112 2104
1241 1700
498 1260
673 1354
1024 1199
887 1006
931 1811
303 1769
793 2258
235 544
543 601
1316 2322
914 1959
341 1813
93 961
1433 1984
156 440
1006 1078
144 596
650 1239
421 1223
50 241
464 897
426 1098
807 1479
757 886
747 896
1227 2305
770 1874
1139 1338
760 2184
457 1455
1177 1889
206 1451
105 789
1404 2413
157 1568
911 970
1118 2001
609 1567
1017 2199
417 1448
238 1532
1178 2153
1140 1467
36 42
11 597
571 954
952 1880
1296 1716
727 1650
1313 1736
378 1522
584 2019
314 1189
258 493
1347 2228
600 1479
98 921
114 988
511 1426
634 796
308 1115
763 2115
788 1018
815 1399
333 1595
281 1211
1330 1724
37 1492
478 1059
386 1302
1181 1787
914 1029
34 560
1200 1653
723 2208
706 1689
592 628
1123 1366
904 1911
179 917
1353 2443
322 1333
325 1656
1053 2246
464 538
714 1184
361 1821
308 1400
1146 1452
263 472
425 1726
655 1953
223 1276
1256 1906
1154 1698
573 1991
1041 1867
94 652
1343 1726
211 406
1036 1826
559 769
887 2108
234 332
227 1345
268 485
385 828
997 1541
1297 2249
1403 2397
538 2018
700 1526
520 627
29 692
960 1518
1199 1922
995 1764
593 951
822 1347
107 1223
98 659
239 319
921 944
1075 2042
848 1190
662 1695
485 588
333 1833
10 842
1411 2037
435 1433
175 617
391 1408
836 1213
848 2072
1169 1985
420 1766
1021 2351
1282 1425
455 545
567 868
49 1415
180 954
1028 1233
112 453
900 2090
1013 1665
661 895
1260 1903
1427 2705
1372 2666
169 1436
134 1149
914 1437
819 1398
461 545
134 863
47 1275
1067 1793
436 1875
800 982
233 650
303 310
331 808
984 1176
256 392
193 1388
456 1365
1312 2365
540 819
888 1411
365 1271
617 664
1292 1374
1425 2765
111 441
921 1166
182 1191
279 1617
167 788
404 576
1309 1450
1402 1556
663 1371
25 937
46 1490
893 1457
822 1887
1208 1496
1159 2361
92 1104
1015 2019
970 2226
1137 1621
991 2346
1262 2397
760 1471
1367 1734
1375 1724
1357 2245
766 1008
1186 2537
1300 2561
921 1685
267 1196
406 817
124 560
300 849
1434 2761
945 1928
83 251
921 1812
253 1209
846 2273
413 596
21 899
111 1281
395 1895
1065 1689
326 1801
247 1656
494 1129
1353 1982
376 1549
188 922
278 776
152 457
119 375
861 1033
523 600
656 2083
47 762
403 721
1130 1808
870 1179
517 1770
622 1300
827 2002
1054 2184
886 2237
951 1283
598 1183
1135 1684
425 463
1067 1293
456 1592
830 2245
806 1966
628 984
1094 1358
727 1719
301 623
505 653
631 1117
1405 2689
748 1925
755 840
104 645
190 1616
203 1299
281 625
527 2021
211 380
636 1674
235 465
1182 1738
298 1349
83 158
1009 1408
1224 2285
826 1362
1390 1573
162 757
188 1352
1062 1719
856 1290
206 1163
968 1807
793 1840
877 998
681 984
324 1809
330 989
641 1001
322 948
83 693
734 797
368 1245
254 1637
1044 2278
751 1749
639 958
672 1869
768 816
79 1135
765 2221
1086 1666
76 1097
781 1612
244 1161
984 1168
574 1067
53 477
1017 2093
1002 1909
170 379
222 1577
1058 2282
10 792
57 603
786 1009
331 1639
922 1601
620 1145
159 328
480 1743
404 629
489 527
1434 2748
1096 2084
1291 2439
425 1633
638 1632
282 1173
1340 2452
1335 1419
1087 1819
56 851
220 1144
937 1211
294 1653
1198 2425
141 782
949 1465
1232 2315
1340 2768
333 1542
1355 1669
1414 2320
611 1711
540 1346
919 1367
985 2324
266 624
579 1977
523 690
1102 1894
1342 2679
1396 2240
383 846
153 738
160 163
354 1300
1065 1827
338 1492
1080 1590
90 810
1027 1123
663 1040
263 1498
1086 1847
1429 2630
343 551
274 1281
1376 2547
1302 1512
316 376
626 828
470 1624
1335 1988
224 535
391 1121
1058 1515
638 1768
388 1378
707 1885
841 1805
663 1356
1210 2229
1298 2144
842 1005
513 953
1142 1270
578 1433
54 360
754 1760
533 733
836 1013
594 1480
945 1081
1219 1384
802 880
45 107
696 778
227 1615
311 1599
55 115
728 1901
1383 2672
733 1597
949 2049
652 941
658 1633
930 1923
1100 1366
1338 2381
702 1639
494 1526
241 1224
88 357
594 2079
664 1632
738 1253
1344 1381
445 681
117 447
320 467
484 938
84 1500
1304 1426
556 1155
906 1241
788 2049
59 1119
563 1480
722 1912
700 1228
1346 2076
113 746
213 870
1376 2825
483 922
1126 2469
122 1206
1247 1614
1279 2608
621 955
242 293
75 673
1099 2414
867 1922
405 1603
500 1751
413 630
490 1329
131 248
868 888
67 1508
90 123
561 1889
795 1296
593 2090
1145 1374
820 1247
132 1598
1026 2475
971 1710
956 1003
8 1263
860 1976
619 780
456 1231
684 806
1021 1224
523 1807
52 1282
747 1093
516 1390
417 1550
992 2335
1344 1420
285 1738
410 1775
676 839
188 1020
666 1171
425 1267
327 792
819 2235
1282 2360
885 1839
630 1181
686 1834
1072 1470
17 1121
963 1818
670 928
627 1315
1372 2681
373 1626
1379 2626
1108 1458
479 1957
584 1465
535 1358
256 945
528 2004
215 1386
665 1021
175 1058
445 521
373 1284
285 1144
1309 1818
684 1058
791 1099
1406 2416
831 1708
1358 1793
244 470
901 1392
906 1483
174 851
248 286
549 1390
439 919
101 483
377 1394
428 1753
74 1485
8 830
1394 2309
722 1055
1238 2230
760 966
20 596
316 1631
496 1322
1159 2083
558 951
1344 2736
12 202
1101 1847
675 1634
1 598
213 1267
1427 2583
1135 1895
1239 1418
308 873
590 1403
906 1766
778 1714
533 926
250 809
706 2079
1247 1603
772 1900
635 1021
91 1531
402 508
744 1975
172 740
198 750
476 1387
703 933
477 1284
1141 1192
22 1078
1233 1575
444 1301
1332 1779
687 998
1253 1531
1152 1759
778 1286
1186 1252
672 1016
664 1663
1394 1690
103 141
1342 2667
1396 2151
946 1022
1114 2055
688 1892
343 1766
824 2005
1256 1550
118 1278
561 1362
1249 2366
960 1038
1062 2143
1224 1983
128 130
921 1503
1090 2084
770 1579
570 980
290 1341
806 1621
1122 2328
1127 2261
1420 1574
34 1095
1297 2077
29 481
935 1421
300 1186
18 1226
348 1362
939 1625
682 1865
1355 2451
231 473
929 1867
105 646
558 1457
587 1090
1307 2236
411 1313
605 1183
984 2417
1163 1461
1383 2378
1001 1162
1034 1934
1230 1978
1416 1424
1342 2065
1155 1407
853 1553
477 1544
1086 1829
1331 2027
102 853
740 1243
1027 1848
924 967
733 1432
629 1828
1387 1810
394 1163
1136 1754
962 982
1069 2406
501 1053
1247 1704
1404 2882
399 930
177 1548
828 2025
1345 1925
668 1849
814 1907
63 972
1067 2353
990 2481
1281 1284
170 617
1085 1111
1440 2195
1372 2712
963 1396
513 1396
941 1121
706 1767
600 1289
645 662
179 186
1007 1565
598 1218
42 618
419 1040
555 992
580 1344
152 200
866 2251
1173 1220
206 1082
764 1962
1312 2639
1058 2217
1058 1659
1423 2492
202 699
903 2194
231 1048
1373 2466
1098 1801
98 1139
651 2098
1371 2662
564 1976
527 1823
179 309
1309 2513
550 1184
580 1767
92 535
352 762
1437 1716
4 149
156 1046
1363 2710
925 1137
1191 1965
1098 2038
255 451
193 740
595 1958
114 933
933 1317
536 1751
666 1793
826 2028
563 1457
198 607
763 911
858 1790
1022 1199
859 1043
294 597
74 372
26 425
389 866
918 1825
453 1092
461 822
1353 1955
1320 2114
759 1553
552 1523
1144 1930
1154 1742
413 1408
586 931
1338 1628
393 1756
915 1884
323 1579
1201 1941
1033 1418
838 1188
1182 1955
1349 2193
354 1133
558 1810
954 2306
1260 1514
516 1477
1424 1654
26 396
436 785
825 1200
1044 2460
906 1303
291 1639
529 813
896 1393
451 1262
460 1844
572 1394
760 1820
1114 1625
139 1354
1126 1460
863 962
673 734
1162 2191
1334 2720
1090 2349
749 1637
695 1658
1366 2332
1351 2613
488 1978
559 1079
514 1382
1314 1454
832 1207
691 731
996 1830
1421 2906
1228 1593
820 1128
212 945
874 2128
951 1055
1058 1184
1348 1956
728 2164
1135 2518
28 1153
505 545
919 1301
1387 2659
1133 2303
78 300
1414 1868
16 576
810 1014
750 1399
1077 1993
1071 1297
995 1827
242 649
850 1467
466 1611
1037 2406
14 844
974 1666
439 1145
1085 2482
387 591
726 1715
1017 2058
1417 1986
1403 1794
118 1154
1411 1776
312 1225
294 1460
926 1314
393 580
1092 1567
494 1381
1053 1203
698 1311
1055 1528
698 1059
1261 2139
220 1062
177 744
34 46
802 2113
794 1875
979 1205
80 111
618 1170
128 294
1152 1980
770 1603
149 1180
543 1796
259 1487
508 1333
476 733
345 922
156 961
744 1686
251 1109
1081 1109
158 1001
1053 1699
1388 1874
7 1292
647 782
1235 2158
57 1315
693 2081
310 1056
357 1609
648 1331
326 599
1149 2111
243 867
709 1621
568 1558
803 1982
1419 2376
1111 2430
189 1143
1086 1122
978 2146
1393 2850
223 624
543 624
875 1793
404 925
1080 2449
1336 2740
335 978
307 1272
222 602
773 885
1408 2839
1050 2005
575 1582
796 1861
1231 2287
21 1407
1426 1674
1326 1490
794 2203
328 1789
914 1294
548 1554
32 947
1414 2316
84 507
357 1143
1317 1806
1316 1762
1407 1652
862 1628
354 1178
449 884
1059 2190
975 1487
13 571
426 1386
1072 1368
243 713
345 1839
853 2227
1263 1447
333 1703
1265 1976
1401 1756
237 932
1265 2756
423 891
1066 1247
1322 2505
181 864
105 1370
1411 1924
643 1544
52 969
1417 1749
886 1081
1273 1815
567 1426
1132 1238
898 1202
624 1023
1234 2524
476 748
1430 2114
321 579
1016 2180
1358 2549
1125 2405
575 1621
443 1636
522 794
96 1284
68 914
129 290
537 632
488 916
1008 1857
237 1169
116 820
1437 2554
1117 2235
47 617
937 1089
595 1803
742 1058
1108 2279
11 1241
119 1470
487 1747
1278 2678
1168 1247
88 1472
349 528
1118 1931
1378 1799
395 1559
1071 1990
602 1206
1187 2129
297 1601
236 1202
1079 1822
8 264
1359 1648
151 1125
756 1264
888 981
919 1865
90 1379
1045 1650
783 1877
409 1018
961 2227
360 1782
1049 1651
783 988
864 1148
33 1281
515 1592
7 1038
462 1287
614 1596
1116 1709
300 1078
481 1767
765 1596
978 1652
783 1159
282 1391
157 998
952 1667
505 1924
486 666
1062 1204
215 1589
297 1735
990 1162
617 1291
1155 2394
430 653
202 619
88 211
1230 1693
844 1899
528 1138
59 1086
929 2078
1050 1127
736 1920
737 1995
888 1662
1385 2509
879 1835
110 474
287 1338
1235 2115
948 1490
67 284
247 839
1359 1954
644 1096
1115 2603
446 943
382 1417
360 873
441 568
633 967
319 1261
915 2133
732 1843
247 1587
548 2021
44 112
1279 2477
602 1781
1003 1906
757 1268
1208 2506
946 1210
495 1218
633 1757
733 758
472 662
699 1594
425 913
536 1345
840 1458
1416 2008
1319 2564
859 1326
484 1537
406 1055
727 1262
1339 2308
948 1639
602 1777
937 1391
940 1736
860 1045
193 1017
1367 2507
825 1636
595 713
147 1244
108 544
797 2224
124 365
1396 1769
800 938
210 1075
913 1803
1281 2494
983 2055
843 2086
684 1653
1242 2257
734 1655
1380 1937
226 1019
505 998
1409 2108
382 1397
1141 1181
585 1786
344 755
705 1462
836 1496
847 1129
294 540
613 774
884 1921
1181 1626
556 732
364 744
374 1433
881 1042
353 885
205 724
904 1516
1324 2763
477 1907
1417 2734
606 1712
1169 1308
1070 1223
742 918
239 1044
1440 2036
81 255
403 1361
153 914
979 1505
926 1208
1162 1592
377 1103
79 1083
841 1393
1186 1531
1309 1408
564 1597
739 2172
1205 1611
680 943
891 1498
732 1347
836 2086
249 1210
644 2000
292 1095
646 1198
1274 1512
1370 2346
1064 1390
233 1267
776 2065
774 2242
229 661
121 1382
289 726
932 1022
1297 2528
1333 1945
475 1545
684 1788
441 1860
1320 1854
1169 2085
793 1448
176 1463
440 774
19 217
1256 1606
285 830
1199 1595
33 1197
376 1631
265 410
1313 1536
1243 2132
134 1025
834 1792
1029 2317
1334 1505
1265 2123
1309 2459
524 1209
982 1088
1148 1252
569 1355
102 104
353 451
270 972
264 525
847 2221
342 1714
466 1532
1299 2389
1 1374
759 824
121 554
517 1152
577 1101
1088 2429
23 1000
653 901
428 1322
300 1275
687 1752
935 1142
672 1006
1066 1718
953 1670
468 1314
253 942
623 1206
595 1661
1231 1536
697 1470
81 1046
935 1916
520 686
541 873
1308 1666
985 1580
454 1114
848 1289
492 1732
879 1109
336 1807
1034 2243
241 948
73 134
641 1078
115 189
164 1517
92 836
1298 2602
161 669
1238 1765
1137 1272
694 972
642 759
589 698
1280 2076
262 1313
1318 2331
480 910
1127 1134
1193 2286
1273 1692
172 914
552 1484
24 1031
349 1689
1306 1847
911 1765
378 604
182 192
762 2055
839 1824
38 293
1040 1932
814 1744
1249 1387
1066 2082
1321 2051
285 755
169 492
499 659
970 1096
84 1289
947 1801
1433 1819
1307 2552
451 952
1404 2670
450 847
1282 2311
715 961
1204 1356
1062 1767
1318 1340
1235 2118
356 1215
946 1607
586 1128
1119 1383
1074 2129
352 791
502 1796
545 1045
377 1402
727 1968
843 1526
125 1046
1242 1644
508 774
1435 1455
518 734
26 1247
931 1625
731 1331
1388 1956
937 1375
888 997
511 550
1205 2151
500 1758
566 731
180 807
928 1058
895 1928
528 1521
1244 2445
806 2074
1267 1516
156 1585
687 1066
653 1832
1368 2339
1020 1223
15 129
450 1059
57 1532
1126 2102
1337 2111
1211 1471
1177 1213
1127 1293
643 1859
866 1981
522 1061
813 1591
1340 1432
667 1259
119 184
68 846
479 1890
1057 1144
1211 1714
821 1221
480 1530
1226 2123
1250 2259
1017 1706
1340 2113
1381 1756
1082 1784
454 813
95 1507
780 1310
174 905
241 526
835 2326
246 1347
1147 2040
1245 2103
318 570
162 1498
703 984
234 1596
1053 1202
423 1674
523 1715
1433 2132
1278 1645
883 2068
1357 2809
162 1503
1207 2532
214 377
1242 1250
262 1630
648 1482
1148 1170
928 1671
469 977
520 1931
770 1963
553 1791
8 546
1155 1403
1168 1839
1223 2650
1158 1924
1121 2174
1141 1610
863 1085
1298 2064
665 1920
432 1798
616 1484
273 739
1427 1760
6 302
821 905
1328 2575
1213 2641
812 2256
798 1090
1428 1686
1352 2436
198 1171
1032 1206
318 1008
1025 1143
56 274
1199 2410
783 1217
493 915
608 1833
902 1703
1044 1336
659 1059
747 1589
354 1026
273 1292
457 1917
1389 2323
1297 2004
1147 1848
525 1530
610 1529
1104 2518
1202 2435
34 742
281 1277
443 1142
857 1261
107 1556
520 1960
1092 2111
984 1283
116 155
95 356
1161 1609
229 836
772 903
289 1451
1101 1640
341 1755
299 1204
1050 2372
459 1669
776 1216
621 1786
346 1631
1244 2442
828 2165
224 734
150 478
715 1252
1434 2803
224 1014
689 1039
533 1933
1328 2568
574 1186
317 439
1018 1368
825 1367
549 882
582 711
14 686
1417 1768
616 1386
239 946
1197 1741
496 910
1192 1493
332 1814
97 1527
255 834
137 178
1329 2074
894 1551
387 1384
1243 1580
1368 2414
399 1818
1103 1551
1224 2369
1077 1570
777 1444
850 976
1255 2470
114 745
167 298
70 456
109 630
589 670
702 1273
1014 2462
1165 1929
1172 1838
301 310
1208 2665
1198 2554
257 791
1201 1272
236 1492
611 900
409 1723
553 1231
280 1633
954 1135
1243 2437
704 2013
1044 1406
1091 2220
776 1358
1399 1902
181 1659
940 1648
740 1740
219 759
61 1053
238 477
573 1386
1322 1783
313 1089
501 1080
89 635
874 2328
1043 1983
783 2154
1077 1619
764 1840
1215 1861
608 1582
1004 1399
805 1733
763 2196
685 1546
1436 1508
640 697
802 1409
1299 2174
146 262
186 796
570 901
1200 1802
1056 1813
1177 2394
1326 2630
744 1063
760 973
934 2209
618 1229
1301 2497
439 1387
847 2346
1000 1182
88 813
236 1630
521 1359
354 1703
543 1952
1383 2722
670 734
1282 2405
1308 2783
675 1371
1051 2189
253 1244
384 1882
860 1135
980 1873
1013 2020
21 506
1422 1839
575 1575
827 1850
439 1212
319 1031
1142 1580
1333 1719
354 1728
1429 1440
694 1087
645 861
1229 2726
1380 1894
635 1610
288 823
857 2037
1077 1846
1124 1687
626 1481
819 2290
1292 1323
935 1749
1379 2608
772 1452
1292 2778
110 362
36 1291
572 1174
399 1333
1232 2590
144 499
557 2029
1091 2415
603 1597
551 754
1344 2268
1307 1974
823 1023
1338 1482
66 1293
214 770
550 1475
299 1255
1052 1145
1001 1563
1316 2219
233 583
702 2152
79 1510
151 728
1245 2128
111 384
186 709
86 1370
467 1197
1328 2803
456 1648
615 1100
586 1182
1320 2495
1334 2570
241 888
587 679
1362 2395
481 594
210 232
42 1403
741 1189
1385 2654
316 1672
766 983
21 513
1001 1616
208 1614
621 1086
972 1451
176 366
780 1207
304 1804
277 789
379 1289
666 2153
115 1321
1329 1569
768 1900
1062 1317
1008 1135
91 897
524 1192
1121 1350
79 1237
236 1632
1299 2129
984 1370
950 2079
564 1486
1201 2350
1347 1517
820 862
797 1139
339 354
48 370
678 1787
635 804
503 1310
964 1720
676 769
864 1475
222 559
448 655
116 255
480 1044
1383 2456
309 708
84 299
640 1266
753 1712
132 300
829 1330
1051 2476
396 1411
344 1182
1162 1952
972 1001
1302 1581
1378 2453
848 1951
567 1328
811 1257
687 1819
279 284
1178 1702
1009 1743
1249 2365
560 1954
1402 1936
240 1370
472 1908
1043 2191
197 1163
906 1701
583 1756
282 1474
1077 1688
1419 2523
1261 2456
54 262
71 267
1004 2340
1336 1611
474 1735
635 2133
958 2308
326 1004
1115 2459
560 621
622 967
683 1726
302 501
1356 2594
602 1231
1075 1859
434 725
520 1571
90 801
837 1598
861 1150
161 1430
850 1871
1256 1314
589 1480
347 812
52 829
347 1136
141 915
741 1459
717 977
1342 2497
1085 1165
329 580
66 852
567 1646
1364 1799
192 1181
61 785
609 1596
893 1166
393 1601
800 2043
860 1439
663 1712
309 1774
697 1389
1238 1351
1394 1600
1070 1939
1119 1557
105 488
620 1899
1136 1704
922 2216
1008 2019
1181 2464
810 1817
821 1295
1012 1916
1347 1589
682 1114
1271 2147
680 2104
663 1998
1065 2028
629 1309
4 1349
1179 1252
1377 1762
750 1104
960 2275
440 1117
722 1278
783 1000
1232 1477
491 1203
13 764
339 735
105 794
860 1062
799 832
839 887
60 557
1375 2652
825 1192
1375 1651
929 1249
34 1441
287 537
805 2073
1023 1654
739 1090
529 1705
583 1067
506 1948
925 1391
612 1924
384 452
262 753
610 1469
1059 2134
1305 1946
940 1844
660 972
740 1629
214 785
303 1648
721 1774
523 1407
590 1099
41 1151
373 1454
116 1287
568 580
351 1321
1403 2655
290 1225
341 1087
360 773
1032 1428
1006 1235
755 908
56 860
28 1493
344 1839
166 1601
534 762
382 518
11 871
44 629
175 1282
255 1668
1154 2463
725 1076
674 885
990 1455
262 1351
1285 2126
156 176
469 1205
357 748
1117 2581
942 2286
908 1050
631 1439
524 1115
504 1610
1244 2666
361 432
243 444
608 1673
720 920
1053 1348
375 504
1195 2429
776 2222
570 892
364 1256
215 469
1362 2309
1359 2000
846 2123
234 1429
421 924
688 1299
1088 1584
440 554
1275 2227
741 1977
1092 1229
779 1161
534 551
1053 1783
206 1214
1390 1497
1402 2330
883 973
525 1321
1255 1588
964 1679
496 1672
938 1066
305 975
429 537
583 1185
502 1379
548 1010
786 1630
369 1743
308 667
1083 2077
561 611
131 988
442 1357
369 387
228 1115
171 849
179 505
963 1352
150 942
804 1653
773 1440
203 1519
140 1526
943 988
1185 2586
53 873
549 837
1360 2131
813 1609
661 969
459 480
1428 1458
1363 2645
503 994
587 717
162 704
694 1618
721 1618
150 779
1160 2562
303 759
744 1435
972 1371
38 39
1035 1876
328 1548
1387 2315
119 1341
1256 1675
788 1885
1194 2107
757 905
1095 2558
388 1880
520 724
1258 2312
478 1718
962 1394
446 1819
1007 2061
1137 1672
667 1763
599 1148
1238 2649
878 2287
790 1088
1302 1958
182 1364
457 1513
765 1413
940 1127
920 1045
1305 1428
778 1658
564 1639
209 611
615 775
1114 1288
230 690
628 1378
1153 2388
997 1456
306 1734
1408 1715
801 1721
810 1059
312 1362
1257 1903
1357 1612
1437 2114
801 1473
919 2419
976 1149
820 1333
1066 2496
304 1112
1115 1849
724 725
133 376
511 1908
985 1690
1298 1729
798 1701
475 710
120 1525
891 2294
670 1767
1118 1286
541 1375
778 1863
40 1223
602 1540
157 626
1024 2424
942 2222
190 663
221 256
675 1024
813 1004
923 2045
679 1964
1399 1988
374 1859
1122 2512
812 1521
1275 2363
213 1490
1275 2021
1318 1339
1280 1464
903 2122
1286 2530
733 1155
1404 2830
1161 1993
678 977
898 1252
987 2116
384 1132
263 1344
138 793
699 1323
935 1546
1235 2008
478 1643
1047 1629
909 1719
1125 1496
836 1412
847 963
955 1301
1403 2802
632 1241
976 2462
170 1033
1388 2255
1069 2246
254 1516
1421 1726
1233 2486
179 462
73 1494
406 919
92 1579
598 628
256 1433
546 1637
499 1178
240 1173
1040 1868
1319 2370
938 1153
1416 2765
130 1493
38 569
1356 1509
851 2050
589 1105
829 868
804 1764
1312 2104
1222 2364
472 1885
1057 1770
1402 2584
365 1284
139 1269
1236 1569
533 1030
533 727
164 1480
707 1819
458 1836
53 166
702 882
720 1869
1250 1780
1129 2323
1199 1514
155 557
872 1880
1213 2694
759 1251
325 698
560 1052
1234 1372
1310 2108
743 2201
1099 1143
942 1742
1360 2269
84 805
336 928
1295 1601
993 1161
1273 2325
1012 2245
170 1250
223 1376
1415 1566
801 1575
348 1678
594 662
21 1150
1195 1779
258 1653
277 1421
439 1216
871 1594
1177 2401
1012 2187
10 644
410 1342
1378 2003
1010 2079
1388 1541
867 2284
89 1431
200 828
345 856
1023 2109
1252 1771
1042 1234
936 1129
1388 2590
835 1152
213 378
25 515
1005 1605
1246 1943
1081 1792
205 286
178 1578
314 1246
195 1636
220 643
194 895
969 2173
1339 2426
922 927
45 609
1412 1904
571 912
411 1502
703 2117
259 946
371 1329
1032 1644
639 1282
1038 1350
478 1176
396 1588
258 1752
41 44
99 725
410 1014
343 391
739 1183
1016 1434
186 259
994 2439
876 1778
1052 1211
1022 1332
863 1351
832 1296
298 479
777 1362
446 1304
792 1362
718 1559
674 895
1439 1693
1194 1503
565 897
857 1218
944 2060
788 971
410 417
395 746
836 1979
1002 2121
1291 2312
243 619
50 304
460 1344
1050 1060
425 903
1055 1425
338 740
550 806
827 1628
582 613
392 1569
961 1360
808 2004
364 1303
1001 2145
230 689
989 2213
451 1675
1187 1314
1206 2183
1054 1326
887 1536
721 1236
1020 1355
949 1345
456 1493
820 1490
952 1882
362 968
1161 2162
475 1810
153 302
530 906
1012 2445
54 1223
1235 2442
738 1687
938 1357
1261 1454
1273 1345
335 418
953 1645
754 1546
963 2172
915 1451
72 1371
715 958
1182 1572
850 1290
880 1482
23 1190
1230 1357
88 1419
234 654
207 355
1006 2265
613 1286
936 1262
833 1597
613 830
1125 1251
215 1643
1352 2222
39 596
422 508
1039 1593
881 1048
1241 2509
931 2253
564 988
445 1706
629 946
1273 2034
1234 1348
375 608
970 1500
733 1470
731 1248
466 812
1048 1363
323 1668
794 1175
572 863
976 1687
1221 1601
78 1577
1183 1536
534 1859
62 1377
662 1428
119 1084
876 1182
1152 2344
1256 1384
1299 1747
152 1508
1222 1629
466 1552
423 442
969 2078
1169 1265
566 944
385 1467
502 669
96 1360
1427 1528
609 856
181 577
754 818
960 1629
654 1931
3 410
1429 2484
87 1473
762 1722
1133 1941
309 1377
1351 1789
915 1533
31 794
563 1458
1219 1490
142 1209
359 394
514 875
798 2297
1364 1553
1327 1498
1327 2260
1416 1683
27 1149
939 2283
1013 2073
939 1045
349 545
946 1964
690 1761
1346 2788
727 1208
23 1513
557 876
320 554
1286 1709
223 1096
1059 1868
1031 2327
1213 1800
321 866
1156 1948
263 758
162 795
581 1944
766 2117
983 2288
653 1970
346 1269
1241 1902
107 1466
980 1403
840 1115
385 1704
1192 1814
1101 1920
154 687
311 1458
1022 2268
501 1401
1003 1847
315 842
322 357
1029 1290
1253 2745
1372 1609
925 1376
764 1268
889 2106
840 1842
484 1377
1127 1698
1023 1690
302 1665
612 977
1174 1518
281 1573
169 569
269 1344
1165 1465
504 1455
192 755
122 376
727 934
1199 1917
164 1405
66 381
533 1270
831 1188
1301 1328
258 1521
745 1549
721 1980
1365 2833
1042 1135
1048 1447
869 1175
448 678
576 862
1372 2732
746 2080
1073 1283
453 1299
962 2142
218 379
424 944
816 1229
316 393
1369 2382
202 1089
1432 2687
779 1103
610 2006
534 817
390 1246
179 899
475 1408
530 1884
345 977
72 954
425 1022
634 664
988 1350
158 662
661 984
64 265
447 1623
493 847
355 528
1415 2182
774 977
908 2170
298 886
1253 2021
574 767
1276 1669
1432 2236
1378 2110
1200 1706
139 1637
849 2016
374 765
1298 2323
1185 2324
143 533
680 1850
354 1710
508 1526
5 1186
779 841
604 1158
306 1514
6 109
917 928
368 1457
163 586
75 1029
872 1452
860 1156
676 1102
824 994
237 364
58 810
391 768
297 1494
111 163
745 1608
1191 1731
648 1560
870 1135
905 1529
866 1239
818 1834
269 1444
1305 1868
1192 2111
530 1178
390 417
1064 1113
297 1229
1283 2126
261 1229
951 2307
16 1472
221 1182
98 366
858 2087
503 1324
112 420
208 1323
1252 1685
769 1742
1414 2410
611 867
1324 2113
437 496
298 887
206 1149
1284 2530
332 1621
375 765
363 1128
706 1175
230 740
1184 2077
476 1435
147 1123
165 1269
322 497
228 261
707 1131
878 1683
775 1262
548 1031
1404 2230
1276 1987
1401 2150
531 769
969 1121
322 1505
559 782
1082 1838
933 1837
877 1178
1171 1632
1306 1980
1267 1291
224 1342
502 1205
664 940
758 1740
1285 1712
72 1456
718 1216
306 1568
856 884
201 1282
942 1574
95 1383
238 305
1154 1977
506 1551
341 432
605 1691
659 2096
776 2035
636 639
969 1358
834 912
441 1873
934 1555
30 88
521 916
1355 2344
1065 1804
1053 2311
1336 1373
1310 2141
1242 1307
594 1920
1192 2489
211 1103
626 761
465 1317
704 1720
1418 1787
248 1721
289 1638
1052 2398
1068 2169
25 537
785 1917
584 2018
770 1973
854 932
278 652
862 954
1340 2459
1289 1520
648 1341
1101 1724
732 2000
425 1580
1020 1232
1338 1463
942 1835
401 1590
1055 1996
1120 1368
885 1269
898 1993
292 1134
1006 2360
524 1871
334 604
1432 2539
1079 2182
246 1421
541 1638
384 988
1147 2474
954 2333
763 1539
63 1141
989 2129
518 1301
212 1581
19 1158
22 1275
700 1237
1248 1378
291 327
763 1357
150 675
248 624
431 525
924 1286
1024 2114
99 880
844 1417
1183 2606
1255 1733
877 2066
518 916
241 438
1061 1853
653 671
585 701
218 822
1253 1751
242 844
628 1388
748 1330
808 2277
1036 1329
595 2082
523 1908
704 2115
424 1386
190 574
45 1467
481 1552
1378 2407
132 1401
568 980
1159 1285
100 1323
1067 2456
120 1023
138 338
347 1454
237 1018
1380 2876
1321 2327
1191 1224
535 1928
962 1896
484 1979
579 1955
281 351
102 975
626 1726
1044 2393
1153 1959
166 324
1216 1375
595 1809
56 82
440 1135
983 1486
605 1350
51 1085
674 1168
243 729
560 2016
842 1868
128 345
1160 1776
57 1007
53 1552
518 1596
108 1390
211 1623
1330 2168
30 200
320 1783
620 1777
576 1948
1045 2465
439 836
958 2174
592 1827
643 1293
1386 2656
1180 2619
1298 2749
29 1470
232 1410
1035 1664
493 770
966 2081
1213 1230
309 1720
657 1484
473 506
1045 1564
30 655
143 1569
217 598
626 1919
1180 1870
318 1065
349 1237
677 1030
1122 1324
1293 2518
748 1715
809 2113
3 1012
497 934
80 951
996 1719
747 2089
692 1939
592 1515
219 848
1240 1403
1050 1709
1074 1924
415 1446
263 1094
1049 1675
410 1427
906 1404
84 1148
402 986
1317 2127
1284 2268
920 1687
740 1193
92 1150
516 815
928 2274
988 1023
969 1112
219 629
763 1040
272 1620
673 916
7 314
1307 2312
1099 1365
1089 1217
301 1715
239 481
133 240
512 1249
1412 1567
1075 1370
90 336
137 166
1356 2338
656 865
1034 1107
1133 2268
694 1207
1019 2193
607 1447
571 776
74 754
1332 1798
779 1172
1423 2380
515 1149
969 1543
1088 1682
1252 2300
1322 2172
1090 1817
1371 1810
1336 1358
163 814
912 1056
359 1301
482 1797
1091 2213
921 1819
1167 2204
967 1464
413 1576
1119 1906
1083 1855
376 1597
1382 2242
314 671
1273 1874
92 465
391 431
259 1188
1098 1649
302 1200
611 839
435 452
897 1765
87 556
611 1933
1049 2339
1420 2819
721 1931
918 1636
674 2000
1397 2007
541 1186
1222 1811
558 1400
1256 2050
438 1517
48 969
1025 1936
1188 1878
331 1775
1190 2672
253 1054
462 1472
1115 1443
125 156
1080 1551
752 1127
1180 2226
230 1183
702 1042
134 712
822 1765
737 1833
99 1030
769 1937
861 1722
59 810
379 907
83 821
759 1416
1234 1656
1308 2638
153 1090
615 1433
1241 2039
517 1820
931 1395
926 928
431 1024
1195 1222
446 1419
374 1728
1244 2725
992 1799
570 1741
720 1128
744 1656
1126 2244
730 1142
1415 2474
1161 1934
1173 1327
1064 1606
584 871
536 757
212 933
653 1186
1327 2617
707 946
390 1844
804 2277
542 1390
764 2017
380 1397
1429 2365
1214 1975
30 859
1195 1593
769 1276
701 881
47 437
472 1703
726 1574
679 1827
1374 1987
592 1630
1047 1607
630 1055
429 485
315 575
867 2083
1311 1501
1008 1978
99 1256
1214 2404
144 414
777 2145
486 1851
806 1765
939 1644
262 1237
1361 2806
841 1108
733 1977
903 2272
346 969
1312 1980
873 981
248 1699
534 668
1357 2596
976 1434
776 815
799 861
1140 1213
96 708
991 1952
848 1647
917 1367
848 1725
434 602
85 627
163 1534
533 1925
264 1338
838 1400
302 1248
336 1639
842 1941
917 2252
573 1280
817 2284
928 976
395 538
361 1147
763 1632
923 933
573 784
1119 2044
1392 2154
1195 2398
555 825
582 1994
1204 1848
1329 2617
184 1322
1286 2592
48 632
566 2058
457 1873
36 891
1170 1932
1098 1373
752 1204
732 1719
626 1905
66 1048
1321 1989
171 1505
599 1892
550 1420
975 1570
899 1741
1273 2383
1281 2415
396 1539
1293 2235
580 1986
1223 2404
1232 2033
1130 2174
591 1324
1048 2016
312 1197
524 877
411 1186
510 1511
648 1845
489 723
774 1159
792 1395
796 1966
690 727
333 515
350 445
250 587
343 738
1126 2454
880 1964
514 1382
240 277
582 1555
647 697
165 1206
312 1228
765 1603
1235 2558
1038 2037
760 1286
222 878
862 1043
1184 1572
243 491
724 2006
863 1042
208 1108
324 809
641 665
12 331
85 514
1180 1184
1400 2834
956 1546
539 905
933 1593
1016 2453
1059 1759
764 2252
820 1778
824 2031
411 1226
1149 2123
515 739
248 277
1378 1815
1267 1602
1253 1285
664 1088
381 1049
690 1294
716 1548
961 1052
436 766
724 2081
1292 1351
162 1038
212 927
40 1477
1347 1738
682 2170
1256 2170
556 2003
237 1117
1303 1369
940 1638
18 105
1235 2547
279 1186
629 1478
725 2193
125 557
208 814
1368 2667
922 2018
1285 2177
660 2034
25 947
1199 2091
526 1080
1394 2639
1021 1931
1347 2632
611 911
1024 2096
157 772
35 749
226 1374
236 1064
52 930
1095 2502
1265 1928
67 782
1176 1649
824 2153
839 964
1116 1984
1035 2376
383 1250
1143 2485
1011 2269
1055 1207
668 2030
1178 1551
910 963
296 624
275 782
594 841
1214 1237
710 1270
259 796
1409 2044
730 1904
130 157
1091 1317
202 800
31 1436
748 1219
1287 2150
156 1654
1257 2683
61 1515
1278 1546
1340 2769
697 1152
270 1185
13 442
703 1943
670 1919
55 1347
764 1565
1407 1942
534 879
869 1194
453 1049
253 1316
703 944
781 2049
1039 2294
737 1219
7 346
169 331
1293 2221
299 1313
548 1729
264 921
1189 2064
1223 2588
408 734
345 937
1235 1497
1011 2020
604 737
499 1014
331 1569
596 1187
1158 2094
1219 2207
363 433
406 991
1006 1813
277 1523
1258 2649
113 1042
512 1327
1073 1888
446 1641
634 1744
1285 1336
948 2317
239 726
909 2031
893 1108
548 1318
1422 2624
832 1668
384 1407
1405 1741
1195 2208
1415 1603
96 512
1379 1873
1060 1291
1041 1834
837 1326
690 1518
1409 1994
1072 2084
626 1118
1320 1367
1286 2045
1060 1194
1345 2236
1306 2404
135 962
463 1505
1051 1251
524 1212
439 1239
1102 2314
1242 1441
45 982
208 1034
542 1592
618 1458
1387 1595
628 2083
756 1641
890 1486
158 1488
93 377
1330 1519
818 1550
103 674
932 1649
835 1372
260 381
426 1613
244 1225
909 1404
609 1851
1087 2069
922 983
1111 2607
892 2261
82 422
578 1159
913 2316
978 2087
1266 1797
471 1955
762 1894
281 632
1328 2164
268 588
1058 1227
187 1299
1106 1604
1299 1922
267 907
844 1722
670 818
26 923
148 1308
1150 1339
178 770
152 1492
1326 2576
157 947
1000 1540
647 773
926 1834
377 1075
206 586
503 1816
760 1710
342 1794
830 1147
1119 2258
153 1565
243 417
177 374
310 557
933 1056
1255 1878
1104 1321
853 1932
466 1912
1004 1763
982 1081
423 1761
925 1285
181 1379
362 1556
1404 1479
99 371
630 1844
463 951
1025 2476
987 1444
1409 1680
1166 2485
946 2142
967 1180
836 849
1164 1366
156 1007
1165 2153
1121 1920
427 1791
1327 2805
203 390
159 1584
785 970
915 1737
452 997
145 1413
646 1612
64 290
902 1896
591 850
792 816
871 1753
1338 2345
653 1825
1311 1772
114 925
48 167
134 1367
380 413
1379 2854
537 1940
443 1731
325 1718
385 1518
555 1402
1043 1715
1292 2780
1380 2825
176 452
1198 1802
1374 2601
574 984
1386 1599
330 1706
1268 1344
1083 1996
742 1459
1372 2407
826 2176
428 991
757 879
1235 1720
427 864
1147 1318
774 1657
1357 1463
1284 1732
929 1504
526 1995
492 1263
16 198
582 740
1425 2161
1270 1429
701 1021
778 1049
556 1798
524 1941
897 2387
55 1237
1001 1122
745 1795
601 1705
1128 1522
861 2152
1396 1742
880 1019
28 109
1114 1303
259 1036
736 1619
347 1103
1358 2584
497 1024
1410 2318
51 1314
1401 1776
1101 1547
914 1425
991 2189
237 499
387 1437
786 1412
779 1379
809 1367
1283 2012
107 917
472 514
653 1942
425 1117
31 1021
1321 2667
147 471
1222 2138
11 1261
312 459
1396 2708
64 293
635 1297
397 1719
235 1013
651 1235
146 1322
93 225
1367 2540
1224 1972
1182 1605
768 799
1120 1671
500 896
1168 1993
787 2061
582 894
1190 1655
742 1375
294 621
894 978
962 2125
744 2030
282 1419
83 1529
983 1468
114 379
1257 1560
359 1671
703 1985
904 1004
486 744
1201 1903
967 1414
1113 2591
978 1500
739 1963
536 1340
1081 1367
176 1426
518 1933
177 1091
1440 2158
793 1752
1220 1702
13 46
77 1296
1278 1682
189 437
1362 1779
366 1658
367 505
679 1671
540 1889
944 1913
1337 1684
1120 1871
602 1720
1173 1629
339 507
689 1366
803 1604
762 836
1110 2175
958 1527
291 575
652 983
626 830
1425 2222
952 1350
436 1015
267 558
1008 1254
179 1371
700 1752
22 505
1071 2210
705 2192
754 1609
973 2305
910 1604
161 1140
1092 1717
204 1620
226 1371
1003 1651
1052 1053
1042 1374
820 1957
93 969
370 841
909 1273
350 979
1332 1554
1251 1388
762 1458
388 1305
795 2239
1267 2291
1335 2428
1199 2556
652 1044
346 902
706 1094
258 676
846 2169
290 483
660 1426
1169 1657
1246 2258
149 1478
140 1412
715 846
764 1303
378 1103
420 1104
432 1475
931 1941
1140 1818
157 526
1005 1599
652 1486
588 1160
482 1913
1387 1514
1147 1705
1307 2275
1120 1176
585 1723
422 1669
269 1403
659 1205
680 1220
1279 2048
1140 1396
1372 2335
1262 2306
206 771
1349 1903
536 922
551 1273
1332 2176
577 1976
1295 1946
229 753
1157 1826
749 1099
628 1904
66 287
938 1830
803 1752
1343 2332
1023 2281
114 1223
410 1245
817 979
1131 1933
1008 1142
320 1527
723 2166
1190 1692
1169 1928
1261 2385
702 1642
1304 1602
882 948
790 1588
84 519
655 1483
721 1595
574 616
988 2146
1209 1769
373 1462
1157 1536
135 1444
1257 2435
157 1399
936 1396
1322 1520
1102 2269
1320 1367
704 1525
359 1005
486 757
96 1560
497 1029
1360 2076
831 1264
382 1344
967 1486
475 1559
1016 1897
216 541
749 1108
1381 2439
711 1941
54 649
1418 1680
839 2249
1131 2102
762 1800
1130 1368
66 485
1187 2068
503 920
680 842
412 487
587 1058
1311 2089
100 301
85 556
559 1477
292 1387
779 2187
1119 1259
201 1697
279 650
1225 1662
243 1427
259 391
455 1513
491 1983
1122 2166
1348 2595
640 1983
1026 1981
825 1601
62 768
324 543
1165 1796
848 1529
556 1113
1353 1448
1197 1484
626 1182
918 2158
1231 2432
63 930
583 702
1383 2378
552 1884
1120 1570
816 1295
720 1960
734 919
794 1096
1224 1591
322 936
472 1434
385 1269
114 348
216 1003
1437 2436
158 1049
226 879
1399 2681
342 1631
249 1182
1149 1554
777 2154
234 1569
1184 1343
1436 2585
702 1807
409 818
347 765
107 1432
875 1975
597 1784
1024 1981
722 956
1369 1742
1291 2703
977 2259
1303 2523
836 2183
2 434
623 1217
412 1232
668 1744
1402 2289
827 2164
226 346
636 781
886 1002
235 1059
440 1732
171 586
1357 1616
1361 1598
237 1188
123 1190
70 774
585 1860
834 1826
879 2145
552 910
31 1463
245 1231
1204 2605
1129 1556
380 1094
438 1201
1088 2334
965 1885
738 835
388 857
525 1492
245 941
152 482
173 1468
447 772
1047 1893
1155 1388
513 1657
1001 1590
788 1190
698 1072
871 1092
654 1090
1285 1742
230 1166
317 357
997 1240
727 1524
457 1897
652 1308
1124 2007
157 234
1020 2181
620 2024
169 785
621 1667
1318 1988
1366 1807
1100 2514
1122 2523
76 216
344 708
856 1664
402 838
1292 1638
664 2061
939 1472
76 1536
41 1117
1138 1772
976 1119
1084 2243
591 1677
1350 2061
1230 2250
1195 1999
451 1773
1149 1847
394 430
1033 1481
820 1734
666 742
331 1521
233 1285
965 1471
539 1592
119 1591
1314 1877
509 2004
1118 1851
304 1411
1160 1824
671 1723
67 81
988 1197
17 1245
122 398
1233 1881
385 442
447 1818
82 395
543 955
1136 2367
111 761
92 592
160 302
575 696
1054 2459
613 1432
399 710
761 1590
1256 1262
875 1293
1246 2476
287 979
1257 2416
647 1388
81 1238
572 1213
731 1775
1005 1205
588 1251
597 1544
496 1106
580 647
313 756
343 1147
182 723
529 1646
750 1557
825 964
806 1187
980 1050
176 230
1094 1313
840 1165
654 827
36 434
367 1110
513 1420
46 156
607 1711
1040 2411
1362 1933
368 384
455 815
360 1859
1409 2034
1140 2193
242 962
956 1473
1141 2621
132 236
1393 1564
64 1190
1436 2558
854 1242
761 1060
1433 1700
35 706
257 501
603 1717
1 179
607 1839
450 797
786 1861
1104 1541
513 1949
289 449
915 1908
504 643
941 2224
1382 1430
550 770
270 444
1078 1105
519 1634
917 2078
1075 1291
1010 1639
426 1334
1145 1532
975 2045
717 972
161 1442
190 1580
443 977
704 1539
513 619
277 372
911 1305
953 1847
1036 1347
777 1899
314 1798
1210 2064
615 1833
193 1550
256 1417
683 1249
1218 2656
1430 2291
573 667
778 1771
116 542
1280 1859
1096 2105
1417 1803
339 1799
876 1905
451 1943
723 2172
77 808
1099 1618
1165 2152
1083 1259
1396 1859
574 1794
660 1951
999 2190
561 1740
656 1331
782 1965
42 368
1247 1511
1301 1379
978 2006
96 1117
484 1131
39 128
1322 2423
319 1808
398 1831
414 1532
588 856
587 1496
972 2118
1402 2653
681 1764
1109 1613
492 1356
1324 2203
1200 1336
1365 1428
61 1481
746 1822
739 1583
1321 1394
831 1342
450 814
480 873
274 1024
87 1080
172 966
114 1522
872 2214
1364 2678
903 2087
182 929
536 989
1254 1566
465 1710
1437 2929
298 788
1111 1344
10 721
212 847
450 604
351 1456
1396 2379
890 1110
126 624
228 1474
283 1412
1046 1809
469 1572
939 1344
1191 1885
738 2012
925 1387
1398 2432
460 636
477 888
195 827
608 1272
1323 2602
1419 2145
970 1163
742 1847
198 1621
926 2135
127 640
249 1105
116 914
1185 2410
88 1586
680 1191
641 657
1038 1587
1323 2785
1219 1311
411 453
864 1589
669 1662
506 1261
1057 1709
879 2065
1090 2334
930 1588
1236 1266
904 2096
1234 2466
734 1103
945 1021
682 1467
1248 1997
606 1990
1288 2741
923 1244
1249 2465
458 1634
1198 1925
1229 1542
1127 1619
28 944
617 1315
724 1597
242 1316
736 1733
182 1526
57 1257
652 817
725 847
589 1706
732 1923
376 1651
1092 2280
617 1344
1362 2136
1158 2287
498 1630
767 935
43 1498
1316 1794
994 2275
675 1841
909 1591
529 1875
179 1489
230 627
1211 2164
1100 2215
1222 2165
959 2129
730 1045
11 1120
763 947
964 1452
749 2127
841 2072
623 1975
959 998
1228 2614
1060 1836
654 2083
579 1400
986 1161
9 422
312 1787
1171 1269
479 1597
72 1058
776 2174
807 2027
569 718
472 1673
74 342
1409 1479
519 1965
1181 1844
768 1623
212 1491
1263 1675
539 1776
528 866
248 626
741 1712
243 1097
815 1634
638 1462
586 1283
853 1036
968 1470
1001 1992
529 1777
88 796
130 1370
66 643
48 1110
214 912
1371 2037
1034 2325
463 869
132 1584
92 1524
137 1143
304 859
844 1875
1237 2673
902 1294
593 734
674 1531
539 560
1091 2506
156 842
680 774
1244 2630
455 1727
269 1245
1142 1385
349 811
113 244
209 258
583 1292
1284 2018
1052 1557
1056 1217
146 1226
581 1816
1108 1183
982 1738
56 1267
1157 2559
1024 2066
905 1192
1186 1799
1244 1326
1176 1194
1016 2130
691 1228
853 1456
536 2007
728 997
61 733
461 990
827 2001
194 1078
1103 2471
192 1561
1146 1261
1406 2904
961 1518
360 591
762 1924
989 1593
929 1809
1413 2492
1349 1881
1134 1913
859 2042
1331 1802
338 503
584 901
1262 1943
513 599
750 1702
243 615
312 914
924 1472
410 1204
1122 1943
533 1557
803 811
189 410
281 1443
1301 2519
812 2049
1189 2543
833 982
865 1296
855 2346
961 1600
1422 2105
802 1424
976 1918
276 930
206 756
1392 2641
633 1390
138 622
39 837
1310 2485
975 2424
1379 2611
1275 2703
316 1783
1325 2152
1222 2282
951 957
871 1796
1303 1816
678 2122
943 2155
516 1736
86 626
926 942
823 1617
1189 2443
629 1514
1120 1206
823 896
1426 1947
147 510
151 1551
388 1345
924 2345
1421 2719
342 1001
238 746
1355 2259
1096 1952
947 2196
1018 1509
752 1776
1359 2618
1072 2228
723 1254
1012 2493
1250 1351
226 308
358 847
793 1881
1314 2559
1229 2203
162 211
611 931
926 1781
423 1153
651 868
824 1551
334 893
301 985
906 1468
169 329
186 433
1015 1745
814 1847
211 529
886 931
1107 1562
14 229
783 2033
678 1466
848 1848
819 1217
1415 1972
652 1683
695 1966
812 2231
516 1977
639 1653
939 1812
774 1861
599 1789
372 1593
727 2033
1332 2288
521 911
1289 2670
1397 2348
1014 1645
717 1488
855 1622
1187 1707
1315 1822
216 1136
65 803
538 548
654 1242
68 897
1200 1979
242 727
722 1241
161 295
728 2116
220 298
317 1276
678 1731
1361 1505
1269 2549
272 1281
623 1221
975 1530
1282 1520
612 1781
624 1120
191 1164
1361 2833
1290 1332
197 1424
691 1942
222 278
381 1469
725 2049
816 1641
951 2162
716 916
628 1517
588 2083
1351 1625
120 594
426 1491
1266 2242
1126 2354
996 2422
1051 2155
660 1885
1364 1918
298 1106
583 978
1313 2682
731 791
692 1656
458 1186
1352 1773
29 901
561 629
952 1619
456 1513
832 1644
247 833
1067 1865
397 1646
779 1703
72 1544
577 1302
11 1332
1263 2157
509 597
57 480
413 898
526 1985
886 1626
502 1149
1008 1554
628 714
1040 2013
1022 1220
1080 1440
234 1662
1075 1850
75 803
984 1042
1363 1651
81 778
459 485
1223 1795
162 511
1160 1333
637 2061
683 1689
709 1844
892 2287
101 574
838 1441
173 498
1393 2225
562 787
1162 2284
478 1743
522 1317
663 1102
447 1920
43 910
1427 2028
551 1946
549 1079
985 2138
839 1752
1127 1355
36 1105
285 598
540 1154
1216 1634
1275 2613
1007 1587
1420 2821
791 1947
1308 2428
1076 1838
241 1526
458 1852
766 921
80 1553
765 2007
483 1780
245 872
613 1472
395 946
1078 1547
1226 1735
594 864
718 1688
1015 1675
526 574
1412 2224
986 1539
1107 1652
435 1184
721 1169
982 1313
496 1137
1025 1417
1125 1145
1278 2721
179 1056
412 562
547 1898
225 587
512 594
645 1226
711 1385
805 1081
755 2226
809 1423
726 1259
99 901
522 1336
341 1311
421 891
1308 1401
4 595
1024 1777
711 880
360 989
1347 1418
175 1310
1429 2912
456 1227
54 589
1231 2493
1381 1786
172 800
1414 2219
660 1424
622 1124
144 983
102 198
1359 2400
577 645
802 1737
1386 1417
836 1388
335 688
313 828
114 1177
1082 2165
1335 1960
306 1330
382 742
1035 1572
796 1312
299 1402
871 1770
171 1449
1114 1286
1001 2108
750 1972
1436 2163
976 1430
89 467
766 1119
711 1568
85 817
611 1211
393 1297
52 439
594 1481
114 859
989 1633
402 1434
511 1446
1196 2116
1419 1679
227 1428
276 662
325 1232
723 928
413 1178
726 1305
565 777
1216 1648
500 1104
1007 2380
69 370
1223 2386
81 434
223 1180
1268 1372
442 521
552 2044
706 855
766 2108
605 1204
715 2097
1080 1596
1145 2146
904 1343
840 1572
924 2049
936 1926
1058 1776
308 795
1354 1395
1123 1783
1285 2746
310 978
276 307
1078 1170
182 1457
1042 1259
334 1602
861 1465
521 1279
628 1045
137 475
763 1886
337 454
521 1244
1195 2171
1019 2197
970 1678
1053 1837
198 813
1242 1431
527 637
1273 1325
1432 2232
713 1231
251 577
1269 1567
841 2035
1191 2151
1363 2180
651 827
1203 2602
104 483
216 290
683 1561
620 734
329 973
1364 2626
1396 1851
561 1981
1226 2294
2 990
1179 2578
1431 1890
815 1139
1255 2262
617 1935
242 1143
1073 2335
1399 1790
174 447
97 1219
390 874
1314 2038
295 1749
1379 2795
1208 1948
1056 1267
1179 1231
1362 1555
896 1215
907 1205
1440 2767
538 1545
958 2026
202 745
141 1555
423 1072
930 996
878 997
1040 2465
1255 2031
272 943
1361 1809
1008 1217
204 1595
1420 1427
1350 1676
1055 1482
1055 1956
444 1018
1091 1822
951 1633
393 1680
1076 2134
208 1071
45 1118
1409 1834
871 1205
389 1425
480 1947
252 492
131 1401
356 580
632 1284
106 846
564 870
1326 1473
683 1681
977 1276
785 1887
912 1157
880 2361
27 666
596 1102
1239 1733
616 1075
847 1729
249 1179
48 1167
130 491
1173 1684
385 831
50 745
345 474
369 404
1115 1175
334 882
510 936
1227 2206
622 1260
1174 1641
1015 1815
835 1630
1161 2193
25 443
371 1493
1022 1167
131 378
143 280
668 868
855 1080
1367 1801
288 691
604 1015
158 174
1384 2425
821 1799
1189 1447
851 1523
136 1105
611 1427
364 861
681 888
532 1012
1399 1881
1286 2218
510 694
1273 2677
1216 1966
940 2043
944 1615
507 1364
106 121
191 1563
578 1478
386 1382
499 1397
857 2103
783 2012
745 1041
698 1956
314 809
1264 1914
354 690
891 1565
643 1439
103 595
928 2097
1311 1535
510 1511
1117 1139
748 1848
1153 2524
698 1537
1295 1409
533 1866
608 1620
872 2158
1346 2110
671 1813
1035 1615
1294 1313
1430 1655
730 1425
138 186
891 2171
1057 2021
1133 1149
883 2171
1127 1135
1284 1362
8 374
1279 1894
1188 2400
66 864
751 1636
1085 1785
544 962
1299 2564
1370 2651
776 1144
1085 2558
682 1589
1395 2637
639 1250
1185 2246
601 972
1111 1409
291 949
1432 2857
918 1941
701 1996
676 1861
716 1968
1324 1900
1043 2027
1157 1253
691 1520
395 766
327 1785
992 2224
163 786
394 1851
1164 2049
1363 1648
636 1657
1215 2588
429 1128
342 1549
1303 1602
353 1311
470 1207
1238 1732
607 1077
1348 2466
592 1025
886 2221
595 1951
821 1071
1294 2625
587 1321
1030 1056
746 1541
1134 1530
190 1251
1251 2218
940 2267
61 1205
179 866
615 1248
742 1241
1272 2174
27 1183
1062 1473
1094 1508
697 839
1402 2371
725 1758
1413 2732
798 2184
626 1871
166 1404
253 1341
184 1227
1431 1608
483 749
1366 2132
1182 2543
1382 1796
881 1239
658 1924
425 579
815 1648
1248 1674
1387 1800
1006 1410
1046 1323
494 1469
1145 2385
652 1508
205 711
1128 1312
837 1743
827 865
1434 2181
42 751
1126 2137
378 1223
1180 1643
983 2367
221 369
551 1105
139 1316
1010 1914
244 857
956 1364
926 2263
400 1196
1171 1594
732 1233
1020 1652
1394 2241
510 1669
828 2264
140 363
929 2327
1108 2541
339 405
893 1234
824 1320
226 712
369 1710
56 218
1075 1829
452 601
768 1076
214 844
730 1140
112 1052
75 624
353 889
1380 1700
1407 2539
1062 1168
92 518
1008 2089
715 957
416 955
110 560
1137 1923
1079 1111
997 1971
1072 1166
389 1598
654 1421
412 1809
186 1476
432 1681
1020 2114
419 1686
190 971
574 1354
168 1359
1105 2554
199 1680
116 589
1362 1822
1426 2552
99 1499
962 1881
721 2062
143 861
437 1695
1091 1306
1048 2355
470 996
181 633
1241 2012
921 1531
208 1611
278 1412
115 819
797 1336
437 1476
1045 1302
161 1642
1323 2257
961 2363
527 1048
1162 1935
1010 2040
231 1162
313 514
685 1738
1321 2062
265 591
934 1864
808 1956
1405 1956
364 919
1183 1268
801 2255
1228 2646
529 1249
1339 1437
1044 1957
315 1788
829 2266
67 251
292 832
227 302
902 2112
919 2155
956 2378
561 1137
1020 1237
505 823
1322 2076
761 988
181 212
220 1095
84 270
68 1243
854 1618
429 1686
87 345
621 1577
1289 1943
741 784
331 795
178 1622
534 893
740 1449
1393 2477
353 1119
1083 2182
233 959
566 1333
538 1852
1407 2575
924 1651
1075 1903
1352 1642
82 1479
701 1023
793 1991
695 1805
55 125
47 933
1270 1741
339 586
1434 1529
72 126
698 1398
691 791
1243 2126
1219 2380
43 1066
1053 2001
1263 2189
1200 2428
742 1245
264 1705
824 1067
1103 1741
1019 2191
249 1078
1227 2236
229 997
1208 1261
583 1003
521 1716
1383 2426
671 1644
1128 2155
942 2420
298 1195
1398 1605
721 1185
35 241
6 361
419 1148
622 1347
390 1864
311 999
1416 2224
746 912
233 1313
1009 1051
257 621
856 1728
31 1468
257 1234
848 1775
1033 1391
149 325
265 360
608 1910
796 1148
691 936
943 1940
802 1005
1246 2313
1190 2050
325 891
1056 2033
710 1272
1440 2452
406 1063
241 503
613 1803
1010 1298
7 17
905 1107
493 1234
303 1299
1113 2451
45 803
657 1524
1134 1419
110 210
1220 2419
629 1057
160 915
1238 2593
623 1751
1347 2143
371 1399
664 1518
290 308
917 1201
1316 2707
371 1108
797 1675
190 1489
542 601
790 2259
831 1096
775 1523
153 795
1025 1795
651 950
460 641
571 1939
1022 1432
330 715
132 1277
237 752
614 1538
472 617
1423 2358
134 912
418 894
368 399
255 1318
771 1939
4 1165
1074 2405
611 1869
1286 1571
1169 1312
356 675
973 983
824 848
757 1948
250 1519
179 667
462 654
55 789
1319 1533
1168 2605
1246 2411
315 1507
1283 2243
1138 2073
529 801
61 826
155 903
723 1219
642 1408
874 1590
801 1523
1246 1931
541 644
811 1472
213 316
593 1043
1115 1426
558 1950
396 1317
690 765
513 1627
908 2210
186 1204
273 741
1307 1393
361 406
1339 2311
884 1276
1008 2093
712 1646
604 2032
834 845
553 1779
1408 2561
939 1457
718 926
1021 2202
817 1706
331 1147
520 1987
804 1287
1025 2236
437 1486
830 2143
1172 2646
1166 2573
296 1106
1354 2289
31 1301
952 1652
271 1144
1254 1962
926 1547
1268 2159
1345 1505
465 979
1171 1679
1349 2293
533 978
594 637
1120 2174
691 1595
1384 2158
1132 1479
1199 1842
983 2442
1334 1854
1001 1910
693 1304
322 825
1171 2112
160 389
194 685
24 783
405 700
1193 2381
28 813
990 1354
1210 2558
1148 2036
1038 2043
1421 2075
465 1940
842 2106
1090 1904
404 1406
919 2160
1 1288
491 1030
390 760
933 2387
788 1029
989 2193
412 514
1183 2010
838 1026
466 1590
1385 2486
1113 2036
1394 1866
879 1186
889 2354
328 1718
1380 1812
1407 2263
320 686
1170 2414
1027 2058
91 1512
1304 1442
48 504
230 504
82 290
768 1651
1286 1795
1360 1425
118 1321
287 701
1200 1893
294 423
1010 1550
639 868
600 639
363 726
623 2050
344 1108
502 870
104 1584
1400 1703
787 1885
487 1878
833 1652
1438 1711
584 1027
709 1748
291 385
547 1819
130 1241
177 601
65 1459
1267 2080
401 878
922 1457
346 400
735 1673
730 2015
24 1107
42 812
1235 1830
701 2013
1072 1958
5 1280
62 858
627 857
148 688
372 704
276 1259
716 1823
1254 1673
317 1025
922 1802
377 480
1208 2209
512 1491
458 637
28 1105
47 149
1382 1770
1345 1812
431 1554
1167 1629
923 2181
1081 1587
404 1186
1068 1713
87 605
1081 2341
1067 1333
1408 1783
235 1386
1017 2257
1364 2537
554 1924
604 1162
445 1122
1204 1235
249 1634
1125 1786
1225 2162
768 2059
1265 2096
565 1771
1084 2455
17 953
843 2301
269 1249
298 1711
953 2306
473 667
21 286
808 912
1007 1281
1389 2836
953 2287
911 2205
1019 1432
1070 1217
1060 1540
227 1498
241 932
1304 1551
238 268
485 1307
636 1941
1344 2293
761 1458
328 1516
1371 2740
1023 1477
885 2073
336 1724
357 1695
1074 2141
185 229
922 2296
564 1427
899 1120
1282 2022
1394 1811
597 2087
265 576
398 1569
1400 2125
103 995
1092 1900
596 1621
17 656
661 722
88 217
104 699
1278 1858
228 292
1281 1785
808 855
1128 2560
1346 2468
1083 2021
853 2220
594 1526
72 806
74 1000
804 805
907 2157
970 1005
457 1666
1142 2592
1190 2097
131 445
1155 1391
521 656
851 1154
1111 2296
591 1222
1064 2156
568 702
1388 1551
1192 2687
117 578
956 2034
579 1732
993 2257
934 1530
319 1102
314 1391
893 1645
1435 1752
1366 2174
933 2101
978 1562
1019 2065
238 686
926 1147
754 2187
282 990
951 2341
865 1599
1298 1511
975 1184
1055 1945
1213 1799
1248 1523
1119 2048
1330 1447
156 1080
177 475
315 1314
1017 2337
1385 2148
471 930
1166 1997
1361 1924
757 1788
692 2130
237 923
106 1005
91 371
692 1338
966 1777
203 1463
488 1445
949 1797
1324 1942
950 1909
1391 1710
770 2122
787 1278
553 1843
1431 1487
14 249
177 1455
1123 2520
1307 1320
1199 2511
1293 2656
818 848
107 758
191 517
1030 2496
403 516
1390 1836
1000 2112
372 1092
216 1661
1061 1742
604 1699
812 1844
914 1200
352 1024
377 1575
477 1210
788 1884
886 1696
440 1705
628 2066
891 1883
1094 1356
583 703
287 314
231 1162
1222 1860
908 1818
1079 2148
528 1640
188 1545
376 737
304 1728
864 1758
499 1884
1085 1782
675 815
897 1426
639 1579
297 738
216 1445
1376 1956
756 2119
1093 2052
1426 2399
402 974
1420 2220
914 1021
1404 2648
515 1424
67 806
869 1377
1095 2375
788 969
661 1754
275 642
141 1191
900 2237
1109 2131
68 491
1108 2313
929 1360
323 405
340 697
512 989
718 1846
58 1423
421 553
651 1781
1006 1593
104 1390
628 1952
236 1163
1354 2460
753 1753
1396 2184
515 1921
645 783
1259 2492
656 662
1398 2283
1088 1727
1401 2732
391 990
560 1502
420 1726
364 1090
819 1887
4 852
460 1067
312 1294
147 397
673 1529
1299 2770
120 351
688 2156
704 1042
705 1224
1381 2576
196 835
512 654
1212 1398
1086 1573
1039 2328
637 1204
844 1755
1267 1867
1370 1860
366 1083
402 1455
94 165
423 561
516 1514
575 1297
304 563
179 1399
813 1589
1161 2319
329 990
5 1256
414 737
187 647
743 1881
421 1612
882 2085
156 297
441 907
495 1592
493 1675
1316 1704
341 1514
1331 2681
283 1449
456 1341
684 708
1108 1651
1228 2030
1351 2799
254 1493
708 1966
792 847
625 1209
1010 1363
995 1977
758 1536
1429 1990
706 980
364 434
188 1228
123 396
1210 1919
309 1330
1152 1280
166 888
465 1957
784 2214
1214 2650
222 1040
601 897
48 1014
413 1382
117 1274
1436 2702
181 1561
1290 1556
1092 2330
282 949
793 2186
258 687
1197 2061
413 1532
414 584
1 959
802 2269
179 691
1209 1620
668 1938
908 1364
1151 2497
1121 1949
161 280
1263 1322
1303 2766
1109 1693
582 1318
188 1527
414 421
1227 1450
144 262
1199 2014
706 836
38 1494
1113 2523
1379 2028
915 2391
857 1857
972 1791
982 1007
965 1137
1125 1926
46 1340
630 1207
478 725
148 614
1320 2424
668 2167
174 698
452 1009
412 1427
1311 1591
58 1057
698 1623
148 1277
1243 2326
912 1887
498 1725
275 1478
1158 1787
474 554
1294 2753
1352 1424
354 1793
1423 2551
1287 1857
288 791
753 1504
1351 1582
1036 1895
334 837
1328 2195
356 408
1363 1560
1216 2676
378 1420
1370 2844
1311 2081
1088 1830
404 888
632 1637
470 598
809 1291
1248 2064
971 1051
179 1312
44 1351
780 1841
191 673
1159 2406
623 1467
51 71
917 1933
268 935
249 563
434 1790
869 2278
998 2036
701 1446
595 724
441 1296
1087 1349
1373 1395
18 956
418 902
809 1308
1362 2029
192 764
1209 1897
34 1391
926 1178
1139 2278
462 1625
1053 2054
391 1012
951 1208
1165 1478
126 687
502 1873
300 660
753 1495
306 866
1166 2190
517 1508
702 1038
353 1646
301 1015
1176 2583
1002 1533
1321 1554
530 565
1382 2002
112 245
3 1449
882 2365
1133 1985
1422 1617
393 1103
1211 1957
212 1381
136 734
1200 2276
1371 1452
869 1114
327 361
811 1432
569 1481
352 1805
1218 2405
1206 1768
467 1364
153 263
1272 2202
843 1463
1399 2484
1347 1759
995 1822
1398 1410
999 1197
155 847
994 2121
1087 1178
1354 1977
1141 1940
112 563
706 952
960 2417
710 1415
835 1022
269 1368
1408 2303
818 1211
707 1881
1010 1485
146 1194
1323 1737
92 1095
242 1210
187 1377
847 1697
1286 1799
661 2113
127 128
603 621
233 1251
10 1144
673 1440
1305 2439
1043 1953
60 1108
649 1334
1236 1334
461 1886
165 1627
579 703
5 936
1235 1963
1160 2619
1240 1830
200 1159
59 1140
398 1879
789 1007
522 557
296 578
322 1725
538 1078
636 1833
857 2027
1120 2358
165 1302
76 110
1018 1604
59 949
1394 2013
1186 1482
1149 1410
1239 1486
1409 2409
1382 1669
738 1550
950 1097
359 896
341 770
1295 2457
508 723
944 1465
776 1714
315 1650
496 1923
111 1422
875 1623
795 1031
1217 2056
781 859
904 1450
445 1875
1011 2254
25 1095
1401 1768
766 834
507 1940
621 1922
1077 1481
1239 2248
1272 1416
1078 1379
298 805
1151 1490
757 1790
118 1013
625 771
485 534
20 215
372 1460
1017 1640
1211 1561
311 770
1261 1665
837 967
652 1491
598 1352
15 1209
388 1047
305 648
915 2053
1248 2276
615 640
577 1383
1389 1409
628 1008
899 2122
278 1630
1065 1461
575 1133
1236 1359
159 745
348 1478
524 1111
935 1360
1412 2666
999 1487
1055 1756
794 891
285 1390
247 1553
1437 2738
1144 2182
949 1061
84 1139
1418 2522
522 1116
120 1453
254 1310
1160 1905
502 1259
312 1023
178 1166
1096 2514
618 1147
883 1528
720 1485
693 2113
1050 2377
234 1734
282 1644
440 686
120 628
226 1419
1343 1471
712 1107
883 1496
611 1764
1426 2043
578 879
148 415
1420 1779
854 1951
110 293
1240 2037
937 1236
147 537
521 1010
31 1342
755 2090
811 1894
258 1646
748 1979
304 429
1040 1360
1044 1559
1006 2407
1244 2180
903 2102
184 235
1282 1826
297 1321
812 1191
1220 1996
347 1446
616 1831
747 2095
520 870
825 1861
1269 2170
281 1177
459 1858
959 1456
775 2199
672 1438
603 1751
785 876
424 1245
193 836
147 1060
1357 1972
363 1600
271 1009
204 1166
522 1227
1160 1395
637 1159
502 1644
501 1483
206 489
386 963
807 1132
29 785
828 1725
469 1712
856 2309
917 1578
26 1374
87 1503
1075 2011
1006 2293
1111 2006
517 1605
395 1532
1091 1838
714 776
118 1117
1261 2683
434 1201
272 1171
1341 2082
1109 1268
190 1069
1012 2275
590 1957
42 535
634 1248
1008 2200
1416 1740
617 2078
515 1000
477 942
1104 2029
1300 2678
545 997
219 1519
1232 2063
660 857
566 1398
981 1178
200 337
948 1793
611 1325
1258 2278
483 1762
696 1808
450 1394
938 1975
242 963
1431 1845
1389 2417
1149 1425
1000 1257
1025 1984
269 1565
812 948
365 1314
114 216
195 764
1108 1700
1410 1976
10 823
1425 2281
1195 2685
501 1281
269 1512
44 307
1378 2019
209 1275
794 1933
697 1204
617 2035
596 1031
1017 2385
1242 1414
311 1072
305 1493
1037 1292
863 1902
547 917
60 577
1039 1080
377 1318
105 638
1048 2519
422 1011
1200 2327
1153 1974
1094 1165
47 638
576 797
1003 2279
800 1775
1340 1633
336 1744
368 848
470 975
431 1016
715 1072
762 1881
1238 2511
513 643
1 920
405 1630
456 1134
586 822
456 638
1286 1768
497 762
962 1961
856 1952
616 1475
221 1221
947 1513
782 1135
1400 1435
1363 1750
697 1883
836 1355
475 1181
332 1260
723 1309
766 2104
242 1163
86 584
1040 2222
456 534
680 1990
733 1258
216 515
141 1450
25 121
959 2405
1331 2264
31 560
1151 2446
87 838
762 1011
879 1540
872 1245
720 1917
1269 1382
414 1306
1153 1325
149 557
64 1018
1425 1608
1119 1779
69 637
405 1518
423 1104
130 775
248 1419
858 2140
1189 1856
86 238
41 194
512 1296
70 1558
749 1852
743 1098
669 2044
912 970
742 1720
650 1819
473 1068
48 104
60 781
1023 2224
433 1845
715 1163
675 1472
1413 2399
1243 2341
749 1248
1239 2483
622 1107
717 1152
652 2142
1281 2170
568 751
769 807
1168 1911
425 1423
1151 2168
1243 2237
1102 2531
344 1120
382 1599
1089 2566
482 1756
482 1573
1053 2221
595 1497
337 450
1165 1626
664 1417
814 1835
824 1291
1011 1131
67 354
1333 1442
78 1460
449 586
863 1191
341 446
1409 2673
411 535
702 2050
800 1001
552 1406
384 493
1344 2109
136 1227
609 1480
909 2283
675 1822
363 475
1191 2541
1423 2044
795 1319
399 1189
1270 2671
66 1324
1306 1979
231 1593
535 1141
389 788
77 1571
472 1240
155 992
18 1323
1232 1841
156 498
1225 2244
187 1494
87 926
1411 2028
473 474
1204 1383
156 1423
1021 1702
1051 1102
583 1316
459 746
1147 1677
642 2030
1264 1394
813 1269
154 597
1334 2345
992 2366
1357 1371
163 698
694 1080
1332 2099
420 429
364 627
439 1108
765 1515
424 448
1091 2003
975 1077
60 769
1304 1734
1269 1342
1353 1537
682 1065
41 170
367 443
249 1517
408 880
943 1006
743 1249
529 1007
942 1356
195 1528
48 68
596 726
1418 2360
198 1038
928 1193
50 722
1201 1542
586 1131
914 2258
228 827
1021 1315
292 457
537 1027
449 1236
1371 2487
895 2002
909 1292
185 1250
229 1514
1173 2277
313 1531
1154 1805
776 916
255 689
79 834
474 1366
660 1034
713 1832
573 899
843 1389
574 1693
271 1435
864 1754
2 747
1410 2320
977 1031
1146 1341
18 275
1302 1376
523 1125
571 843
524 1513
1248 1594
310 1430
643 1284
359 1351
543 1936
100 447
275 1214
102 735
845 2131
1179 2205
208 773
585 704
921 1935
740 2007
474 491
671 926
1247 1332
1020 1339
16 410
1154 2436
1233 1834
186 1346
118 562
926 1392
470 650
859 1867
1408 2194
893 1156
1162 2297
974 1070
1192 1817
1224 2672
1073 2445
245 1175
164 1159
1117 1749
437 996
904 1473
12 832
272 779
268 851
695 2132
89 1260
492 1975
1078 1922
865 2235
1438 1745
192 335
96 1120
460 617
56 882
1253 1695
201 888
1297 2510
304 991
646 910
1139 1580
939 1087
875 1799
581 1143
862 2287
413 1588
1326 1468
1233 2263
12 568
66 1153
82 642
531 877
169 396
1286 1382
1131 2167
592 2048
141 470
1282 2494
264 941
1202 1299
720 1790
1110 1499
1257 2744
680 845
462 991
1385 2100
586 1536
50 128
405 1716
671 1617
361 1127
116 1052
1006 1640
1041 1932
1228 2030
459 924
1262 2237
422 1881
379 1311
383 887
844 1004
229 1551
308 1151
1040 2498
1229 1824
1234 2082
980 2228
138 245
850 1974
119 353
780 1806
1347 2584
1316 2802
372 1043
849 1074
312 629
297 458
1256 2541
538 1354
330 671
443 1530
355 1660
1035 2440
1439 1639
870 1748
616 1827
454 1104
1093 1296
157 959
445 560
1372 2055
989 2482
1051 2327
19 1484
545 1796
118 928
512 1618
926 1508
156 311
539 774
1304 1696
526 1590
778 2073
1165 1722
518 706
213 993
926 1698
1076 1125
539 832
1344 2274
702 2013
694 1983
178 694
682 1331
1127 1308
912 2408
652 1538
578 1206
664 1154
633 1357
336 1645
62 912
1388 2450
988 1382
1209 2380
1025 2507
1368 2058
1329 2198
343 1635
134 802
723 1918
574 849