7914
550
5872
197
4680
5791
5512
4189
24
1862
2782
8574
9987
4875
8708
7511
8333
99
3804
9459
7538
3210
761
5450
4167
1653
7879
5988
3481
4152
9350
5885
5305
4002
1677
4229
2410
696
2068
2473
3671
8732
6327
7365
1143
4121
1471
1200
3629
9626
1472
3326
2871
2646
4448
5350
5662
3860
9810
1604
4127
6251
8227
6165
4407
5380
9110
5034
2055
1138
7831
1915
1400
46
4592
2599
7243
8488
2036
6356
1282
8801
3900
4100
1286
9425
2373
4555
655
8345
8653
951
3219
9808
929
1474
7996
5318
4883
427
4746
7938
8071
1182
8665
6071
813
4925
432
1144
395
3890
6930
1626
1535
6739
4585
1640
6485
8365
6550
4819
2308
1420
8199
4999
8181
6850
727
6951
4697
3812
2579
4173
504
5398
9040
2512
2831
387
5054
8533
3284
9874
2171
8355
3869
7464
7372
3991
9739
3538
8102
1145
4304
9425
6000
5783
7115
4530
4189
2208
7458
9574
9191
1908
2363
1052
2047
5542
2082
691
2928
76
2489
5447
9230
5827
5032
7433
9755
9945
7335
4968
2827
9579
3554
4792
9318
4328
8758
4270
302
6239
814
789
34
9609
6530
9096
614
3700
309
932
5358
8502
7568
2203
3107
9358
8119
8908
5496
3511
7460
8210
7156
9092
754
8780
8466
589
60
5654
7181
259
7287
3703
829
5622
9417
4708
5972
7994
3162
2389
5582
9336
770
3922
6266
2890
1198
1921
851
8098
2075
8445
9181
8097
1133
4760
9536
2233
2235
168
5403
8147
5966
8457
9403
7356
6598
3639
3502
2930
8183
4034
42
3950
5371
6620
3433
5970
7349
5118
630
9096
4772
1092
1599
9199
479
3083
8670
7031
6783
9203
471
6808
1512
4183
7264
412
2575
5383
661
2343
2857
9166
3054
8089
4206
8609
1005
416
5578
6399
220
4847
1331
2916
1634
934
4952
5702
7777
6711
2509
1919
1821
5557
9808
7535
5328
3944
4608
6354
4207
6989
6514
5061
140
730
5069
3784
6732
1962
8755
3953
6318
5826
7697
5237
2472
6979
577
2302
691
331
1069
5129
5246
2957
7145
6596
5530
1771
4142
8971
1022
314
7311
764
8833
7678
7075
8044
8852
3949
7906
8711
498
1778
8863
8337
2275
5790
2507
1854
4719
1099
786
581
3509
6851
4653
4420
3695
2973
5506
2938
7790
2409
2825
1610
4625
9013
9285
5218
9996
6712
6986
2032
1031
1737
8658
6494
8084
4621
1051
7094
2682
741
925
5016
4957
2200
7730
3347
3132
4513
3189
1253
9644
7319
2382
1147
4652
263
3960
1423
5799
8053
5644
2908
8288
556
1149
3329
5327
4779
3393
9036
3845
8060
9792
5628
5746
4225
1696
5596
5909
8777
3650
8630
1386
1517
8397
2347
6184
7953
1488
6148
877
6724
1276
4119
5991
2824
5936
4977
8623
4322
5390
1893
4862
1328
8574
4307
4430
9004
7391
8298
116
375
3433
1741
471
9013
9954
6108
2784
8399
6384
1056
2908
9527
8099
6515
419
8688
6567
529
7433
7118
2089
1267
6533
6869
3166
2268
5264
6392
2203
8039
4252
8050
7653
3839
3790
5534
518
6445
8022
8292
1680
9951
229
4341
5149
826
9373
8113
4392
1673
1034
2614
803
2519
1532
6757
7775
7036
9397
1201
8289
5313
4368
3774
1757
1179
6054
6883
6844
7828
8361
561
7644
6359
1272
1503
2688
923
1295
1299
89
290
1671
7611
8554
29
4572
2202
7505
2082
1477
6687
6131
9882
2796
5310
6975
5123
8289
8464
7698
1447
4878
4017
411
7755
9552
2780
4817
9970
4388
3398
102
1953
9763
6552
9342
3526
736
6563
9417
346
7398
10
2430
1275
9168
5784
3297
7755
7267
2133
8226
1371
1940
4498
8809
2941
3855
607
3180
1221
5364
5379
2031
5149
6524
5026
3824
5995
6262
6630
3299
2467
8439
5458
2418
2310
4791
601
6450
9911
962
9727
3247
6872
8134
2401
4200
5444
4102
994
1793
9446
598
3632
7803
2098
6189
2362
4555
736
9947
5058
4308
1782
6733
4536
642
8108
987
9160
585
2883
8179
2610
4453
6126
9078
778
1918
2595
7103
9904
1057
4599
6441
7883
7457
3106
7435
7
5719
6482
8523
6823
3725
3529
4848
8977
5745
1769
7280
8812
5232
3958
8770
1740
8147
2593
8788
4162
9363
931
5358
6032
3507
7642
7350
6505
8854
1183
8854
5683
5473
2311
5228
8096
1562
6805
6431
5020
1180
7856
3205
567
1788
1702
4728
68
821
2689
6729
9739
2945
7462
7634
1724
5561
2509
328
1968
3602
8036
3072
2196
3512
459
1164
1798
5237
1642
6481
6755
6466
6568
9236
3689
9306
1945
9573
7598
7222
8880
6166
1130
2381
1108
2228
3594
3947
1085
9200
1316
482
2882
8805
4271
2257
7268
1488
4245
630
7140
3798
7000
4775
3891
4892
7267
4268
7665
6107
2211
810
7067
6771
7623
3994
4608
3099
556
4750
6285
733
9067
2420
2661
3088
2688
371
5624
6677
8919
992
4143
9762
8736
4809
3706
9297
1607
8605
3269
9704
7805
7117
1235
4052
493
5382
9112
1573
3829
4675
4695
9916
7172
5245
3567
1554
5471
4517
2556
8877
4890
9403
7394
524
354
1035
1482
8419
6578
625
7504
455
8372
9241
826
1361
9948
286
9252
9469
5984
7857
458
4405
5818
3212
684
1180
8649
4949
9133
5352
491
2182
1315
3269
2813
9340
6122
314
9632
4709
2984
3792
9010
1361
6027
4365
4103
2209
619
2702
2068
3195
7366
3749
7957
5232
4060
1520
2851
4055
1500
11
4295
1807
8096
9877
7101
6506
5096
9986
5108
4782
5497
8560
3399
3235
1281
1635
9399
6352
4898
642
3488
8342
2854
684
8015
207
3576
4234
6402
8342
5304
77
4078
2174
4067
5813
6935
5104
229
9879
2838
8728
4844
8135
2344
1437
1621
4730
1977
1242
5828
1287
2851
6490
3676
9839
9789
1103
9913
642
4938
1736
9151
4466
824
1885
5167
3361
2668
6234
4224
9643
3423
2732
1338
2935
6825
8371
7029
8713
9953
6722
3957
8215
1635
9476
7994
3391
8598
2183
2326
3730
4721
1055
4299
70
5951
9561
8373
542
1017
1303
4365
6024
9081
4873
5419
129
8860
2068
7477
8295
5121
1875
196
863
5852
2439
5702
8259
6833
2325
7921
1747
3262
2491
4184
7133
9287
2952
1320
7101
9687
758
7001
1043
6534
7332
384
128
9203
1433
5840
7601
7269
4152
7094
5410
8867
2530
4801
8686
9702
5612
275
1059
4947
5416
2389
7659
2443
8757
5159
7547
3745
9571
5511
1433
4558
1639
9252
9081
6106
651
966
9583
7457
6082
3615
8741
9168
4542
3142
3060
8869
169
8629
3454
2908
3363
8037
8788
3884
4781
9814
8736
1664
5070
5772
1657
834
9945
5424
32
8353
4232
9909
8549
5532
8084
6640
3327
4518
1235
9634
713
462
5572
3027
3672
3380
8557
2201
5752
5816
101
166
4185
1417
9836
477
3992
9538
4085
6066
6414
5478
6603
8380
2008
4089
4822
1088
5879
4088
8553
5287
8831
3316
3646
670
8440
9527
7388
8076
7852
8601
6455
1875
1563
5056
4134
5351
3239
7172
8597
9174
9848
2315
4076
7934
802
4606
3782
9922
5834
9053
8223
2107
7908
8759
1183
4647
4559
2018
3484
8994
6720
9031
753
8208
1234
7484
7643
1173
9366
3371
1246
486
8114
2109
5090
4543
55
9788
9468
739
3710
5484
3985
2866
6234
5074
9903
7689
2162
2603
4740
9571
575
3104
4987
7607
7356
228
9220
926
6630
271
8491
3728
949
6421
8194
435
2143
9082
2511
2987
2649
619
4080
9195
4708
5757
3312
2518
9821
5506
7068
254
4171
4672
4835
7576
7327
739
1089
2867
7637
2936
2082
7533
2963
9469
1885
1574
9182
7394
218
3282
8331
6205
8126
6723
3149
2343
844
7112
4284
9484
7490
4499
6183
4108
7445
2766
3618
5369
3293
2066
3051
3088
2022
2420
1147
4240
3448
7132
2487
7406
8985
9819
1719
5576
7757
590
1319
1113
6881
7679
5789
5454
7412
6471
9180
4980
1738
3137
4529
1320
793
3844
337
1091
5087
4
9983
5260
4372
2293
9934
3497
9621
9444
5330
891
1140
5002
1395
9788
6524
2108
7192
2978
3118
5536
927
2319
3314
9872
7865
744
280
2380
2546
566
2300
4940
7496
2104
6280
406
1821
8372
9282
5501
1211
9059
3732
117
7962
3606
380
5447
5826
7671
6819
415
5817
905
2863
448
975
1240
2584
1660
4680
2188
394
1578
3617
5422
7257
1317
8954
5027
6124
1959
5168
9932
2032
1022
1694
8627
4250
7890
7352
6444
5465
1237
6602
804
589
8078
8886
9002
9025
1196
4478
1387
3887
9428
7527
1719
3511
2257
5602
6221
9357
7901
8939
8408
450
2152
1356
8409
4510
3717
7017
8910
1088
4168
1131
5690
438
7685
7707
5780
8887
8727
4272
7222
7783
6199
4221
6350
3387
857
6830
5326
1364
3693
8637
1884
2803
1324
8626
6652
7354
3787
9850
3773
7516
9611
5011
3002
8147
6777
8500
7362
6850
448
8049
780
9417
6177
560
6425
3804
6780
9098
830
4207
4308
1471
5032
2813
1735
9451
7229
6716
5791
9926
8409
5785
4825
3494
1798
143
9615
2467
5904
8146
5073
227
9644
282
1865
3671
8049
8584
5290
3932
8740
9230
1704
6405
8917
8233
126
8721
8642
8633
4844
2897
2747
917
5262
9527
4881
6624
5921
3531
951
7339
7587
5178
521
3357
1754
5019
9674
8418
8773
1857
1674
82
4049
9618
4750
1357
1667
6415
6826
7413
6747
1734
7941
4241
8243
3748
3565
9814
4525
1139
1560
7683
7514
5491
6983
689
5034
7401
4670
9288
3791
9938
5990
790
8740
3731
7578
6358
7248
9453
7550
3224
5346
2459
1916
9897
3404
183
4325
4330
7972
2859
595
7879
6994
5901
9579
8172
7312
682
969
8954
1962
3831
3358
4009
6723
7520
370
4795
1272
2721
7241
9520
8155
5167
3866
514
2325
8622
5330
7745
7115
1144
5715
6687
1163
4333
9477
3288
8785
6909
2193
5007
786
4874
7533
7632
4995
7744
2940
2075
2856
1586
5465
5209
3666
2302
6732
3663
5241
5031
67
9117
9136
3577
3591
7067
5786
1941
2788
6354
4810
5044
2680
6173
6953
5269
9594
6647
2703
6256
4702
7108
2783
6922
1840
5178
5462
5983
5876
6690
96
8349
8867
4094
7350
9613
7588
4141
8483
75
6807
4728
3816
7602
7053
793
2344
7647
8145
212
3527
7370
4515
4279
2021
8624
1226
2184
2498
7953
1869
5984
7437
9745
6011
6235
150
8460
7069
1486
1322
2127
9588
7239
1321
5877
1588
9719
3003
8984
6446
8146
8381
7813
1859
8241
9052
8581
5419
7449
4302
4307
7722
7478
8623
770
7560
9179
448
5439
7191
6477
9534
6045
7440
6499
6225
1424
4820
5194
2490
6723
1996
320
3349
7315
5592
1686
4084
1298
5949
7087
535
8067
6369
6838
2401
811
6783
8850
305
8022
8061
1335
1604
3435
3095
5187
913
1416
2640
2126
2896
5649
9077
5989
7650
8888
4720
4756
2158
5408
1581
2675
2184
9897
6028
8608
4870
6415
5219
8202
3548
1110
1531
8590
7758
2545
6141
3239
3804
863
8181
5323
1730
7908
4074
9550
6485
6396
2370
7317
6198
1370
7866
8977
4986
7525
8267
3815
3014
9448
3389
5530
7344
7159
9803
9516
86
5632
499
1093
2350
4158
8929
9259
1153
2166
8588
411
4517
4154
5116
8438
9025
3801
4326
6992
9378
3971
3063
5416
9604
3941
4246
3261
7390
5106
596
5506
4478
5597
2506
8247
9982
4693
3151
2659
3847
4139
391
9564
6209
4178
1290
7662
5048
1457
2310
1052
4364
8620
6629
8656
931
3655
8031
9360
1475
3087
3576
5421
9832
3790
4843
5942
1267
9780
7173
9722
437
9558
6048
5121
9144
6672
1347
2657
4840
3042
944
7898
758
285
3628
8398
6276
1115
5527
1501
3866
7313
9249
9976
7560
8319
7218
5865
9963
3528
5021
2254
9414
368
835
6491
4704
9119
4780
4394
7495
9140
6042
1099
5211
2527
4928
3478
6360
1846
4796
9540
2250
4718
3410
1326
1694
2825
3822
5793
7507
3046
8645
1431
6842
2644
5399
5869
2463
9696
5511
8045
5991
5009
2583
283
7438
896
8792
3201
2032
6235
9598
1304
6354
5201
3437
6559
4118
8457
5652
7527
74
171
3266
3971
4059
4205
4548
186
1184
1599
2429
5343
8204
2462
5826
6647
1483
6849
1396
1680
3268
2682
3658
6391
7717
3097
5656
748
5189
8737
1228
9620
837
1740
3749
5051
8514
3046
7096
2886
6768
8034
3333
1443
1066
5324
17
7005
6517
9783
6445
5866
5651
963
5981
4066
7943
2878
8943
8525
8710
9855
453
4947
1953
8395
1911
482
3051
1723
2600
2795
7623
2466
8766
9414
8895
9761
5803
6154
481
8841
5300
9095
2950
7118
130
5120
3049
3317
133
3104
3040
2729
5838
5318
2642
7618
7768
7223
4400
3587
9405
4100
3824
6992
9398
9148
3560
9460
1686
9698
7252
4720
2461
4725
414
2968
2780
6015
5391
7811
3187
952
3171
5501
5176
984
9218
8997
262
9538
3476
7732
982
7144
8811
4015
3637
649
1798
1540
225
411
6209
5391
3637
378
3584
2472
4471
2818
6823
1902
4678
8438
1538
4997
7612
7555
9677
6846
2032
463
7783
7466
1261
8346
7813
608
7821
4402
2610
3687
2294
9887
3354
2648
7308
6427
5506
3677
2987
9368
8173
9921
6571
8400
6611
3547
4643
5848
9413
9752
1277
1867
9548
5233
1913
3182
7998
4938
9643
6558
3778
4897
2817
3395
1401
9323
695
9827
3929
9850
8896
1512
9116
6604
9605
2549
1481
8318
3720
549
2169
1523
2002
7836
1979
631
3085
1937
8075
5996
8816
420
63
4335
6052
717
7205
2871
4424
1166
4555
8394
1506
1347
3928
7353
355
62
1292
1272
8475
8218
2235
1275
5085
6381
5030
1267
5611
4815
8562
4027
8028
3571
9341
8081
3821
5988
7891
6714
386
206
1220
128
4334
1774
7576
7892
7826
9854
9056
3827
5718
6722
4627
6484
4077
7963
3152
6710
7072
5329
512
2235
1559
4619
8470
8395
7759
3005
9149
7614
3
345
1451
5597
4683
7093
9283
1094
9441
8266
4836
592
1520
8051
1026
5745
1724
567
6920
5061
3179
1290
9876
8151
3986
5403
7507
5561
7688
6027
3279
4390
1788
505
1113
9063
9513
6524
5394
1376
2248
8070
1073
3395
4149
9287
6711
4060
3109
9517
7716
9243
437
8742
9336
4603
7501
9489
2177
8397
1045
1545
9570
3545
2051
158
6288
6007
5365
8091
4934
5627
3006
1060
6703
4302
4238
6845
305
8106
5766
5571
7057
3741
1270
1011
6032
4003
9243
9844
7319
4496
66
9081
6149
2880
6911
8314
307
4334
8695
913
7042
4153
5974
959
6080
6891
1744
2663
4607
1134
986
3459
2990
9634
1696
7563
7808
6133
8377
1431
8403
1497
2727
542
7919
9230
113
9018
719
8448
3566
3842
1809
8182
3129
4731
7396
5633
9035
174
7065
2719
3684
8898
5349
9816
2384
4046
4600
4947
355
315
3874
8219
6006
948
8413
7816
6710
5715
3226
6196
4291
4836
6937
9211
3610
1861
1936
9342
6630
8204
9942
1251
2007
7154
3709
889
50
8415
4144
1481
4723
6548
4886
2907
1833
4246
2753
3155
7194
424
6468
4876
9528
7355
5371
2539
6291
1911
5622
7472
1250
5778
7833
1023
9168
2051
7274
1160
5284
8608
1080
1800
2407
5036
3552
7739
6637
3039
9566
1503
2091
6649
5194
6698
8307
9579
2472
8630
9076
8608
701
8090
3558
745
8298
512
728
5
6640
5751
5601
2099
7960
4542
8543
9118
6515
4759
2502
4046
1594
6845
3863
1714
9251
1457
5165
1681
7571
2051
3766
2387
7511
6273
1342
2719
7571
1410
4739
9354
8256
8841
7357
9707
2998
7168
1000
584
4543
4080
1718
4878
6966
1583
2744
8224
5054
1361
1080
7697
5459
1685
7540
1273
8489
6321
3293
2387
5783
1878
2597
9847
1199
439
7696
136
7241
5536
7559
8302
2580
5640
5922
7325
3233
2044
670
1338
7067
5535
7848
114
8899
4924
2050
6616
8348
9929
2385
465
6238
2596
1702
6095
206
5020
9672
2563
723
4008
7085
5548
1874
4584
1943
8595
9518
8837
3577
5557
7172
8559
6756
567
1079
237
7470
8337
8956
7763
7323
4586
8783
506
4237
3067
6808
2442
3576
3003
7672
4040
9401
9144
3557
1190
5905
1937
1440
4319
4392
3815
5266
9351
8936
3313
555
8854
6589
3755
3218
448
6858
9100
6417
6448
7110
9898
4023
6417
2042
5524
5651
9840
7985
4324
8188
937
8876
1574
7659
1369
4332
4464
9287
3160
1782
3498
6443
9796
4109
1847
740
4575
6682
6515
5169
715
345
5476
9805
2822
4261
1601
8452
891
9049
3867
8931
8258
7268
3196
6850
1748
6176
7053
6686
8592
6301
6133
6106
6600
6393
3989
6322
521
8497
3547
1883
748
1126
4244
812
7009
4964
4587
3943
7184
61
834
1429
4648
996
4552
7246
8036
1882
3943
6327
7115
4568
1305
883
3204
9414
5620
4892
1723
2693
9282
8436
9184
2515
2986
4200
4960
4613
1210
2564
7882
598
7239
3974
486
5654
2667
2358
9697
6835
4653
9337
9009
5341
6269
3926
9291
3776
6344
1332
8437
4825
961
6259
1677
5565
8614
9301
8585
3172
5827
1340
3743
9148
4626
8098
5393
680
4285
8260
5506
3181
9422
7692
3058
587
4815
3976
9774
1842
9659
8229
5715
5983
682
4202
1549
6649
7076
7396
1986
6352
4645
8907
8674
4821
6645
8917
721
2126
2480
8694
3048
6322
5961
4174
8641
7291
8085
3010
4506
4016
4067
8774
3415
4244
4858
2540
9967
8788
6250
719
6765
137
3522
6671
9824
4565
2263
4902
2604
4138
1915
7081
5930
902
917
9771
9082
4559
5332
3360
9034
7037
7120
2674
4851
5631
3557
2176
2405
2432
355
7793
2600
4367
740
9361
5359
9704
5151
1224
5680
8111
9535
5183
1368
4941
146
7603
3844
9457
6382
600
8698
1196
3248
3579
1746
426
9595
3533
1128
7616
950
5939
6443
4687
8934
8946
2141
2376
7504
1262
3502
3586
1797
3340
2074
1895
2840
4436
4342
4387
5225
9168
1348
1921
8523
630
3204
126
3139
1034
5992
5606
9833
3651
7304
7396
2996
6732
7250
274
9466
1161
4421
8976
8590
7400
3341
6112
778
9623
8814
7153
6605
9718
1945
2330
8555
7467
2041
5952
6689
1935
2569
5548
9485
5067
2519
2442
8389
5655
8792
3897
4427
3507
5906
5014
5417
7007
876
4019
9975
9388
1387
4466
630
419
9532
81
751
7173
5539
7849
5559
1576
5591
806
4012
6757
8594
4472
6496
6864
8571
6993
2943
3598
7461
3318
5042
938
1809
9266
2209
2850
7309
9848
5029
6199
1183
3042
4900
7800
7356
8466
6640
2124
8216
3474
1014
6420
9048
4611
1514
8649
8265
235
929
8917
4914
3380
5336
3380
4246
5272
4469
3066
3642
8596
7410
6121
7338
4461
9949
3679
8421
9086
4790
4579
4338
4729
6206
6467
122
9036
3721
5535
4380
4760
9285
9715
3797
557
8443
7423
5272
8146
4890
1938
5360
6297
8538
5919
9522
1644
1948
678
8007
3896
3378
9846
8512
7642
8243
5728
3801
3799
4008
3777
8372
6058
8251
3029
7281
3465
4615
4568
1775
4511
6928
365
9603
540
9252
3546
1241
6777
6514
3422
7903
1711
7960
3392
4990
7953
5928
7911
7624
1773
9652
7630
7478
6390
3892
7010
4732
4547
4570
8278
4958
263
7513
9084
6460
5730
4113
1091
7877
742
2261
6162
9368
6723
30
6252
4753
9883
7273
7980
9558
6194
2417
2785
9715
7418
3336
2267
4727
3769
8402
8392
6579
4625
8183
3016
2891
258
9678
9322
4782
7007
772
6612
6304
7512
8616
2863
4197
1505
749
4140
3729
1721
3597
4720
2482
9453
8298
7475
6531
9499
565
7881
4279
6140
5246
3681
8279
5447
4172
4337
5478
2588
674
5427
9265
9676
877
9682
5999
1213
8932
9923
9283
7773
9788
169
3027
2772
5929
1559
422
4209
9948
7
5078
5936
4874
8222
1451
474
4054
8720
4083
8806
9456
6577
397
6243
6819
7383
2061
1918
4888
9444
4093
4738
5352
3398
1023
4713
8697
1276
2930
4694
9348
730
3478
8408
6954
8682
9705
468
2543
4832
6976
4116
810
7463
9565
9901
2832
5062
1224
4264
2014
7384
437
7645
2013
5539
1635
4312
8329
8699
2349
4211
6452
8831
9377
8455
5496
2961
1544
8913
3740
8699
1450
9639
327
6727
5802
4072
8738
7691
2682
8141
6845
2116
2519
6195
7462
4579
6831
6766
547
3666
1491
3549
2408
504
5799
9554
9912
2684
7296
7505
1079
8497
6488
8411
7887
8007
3007
3843
4692
2922
692
1339
7041
344
3121
6933
6678
1478
2267
6362
9675
6028
2162
5177
1197
7011
5282
3595
1788
5492
9324
4217
1515
8142
9012
1252
639
9813
3807
495
6796
8100
9358
380
8076
185
2396
6873
2617
9440
3320
1551
1598
3789
1738
348
4706
3580
8335
6943
6078
8202
8619
6398
9386
2175
5915
2086
7270
974
7744
6752
2171
7692
4419
1796
6492
4333
204
3030
385
9212
9125
7969
8774
5178
5836
3682
2823
1427
4224
7327
403
3421
1981
4202
1413
1117
3666
7195
6183
5705
9045
8997
5639
70
691
8001
6349
3237
7851
361
6738
1086
8920
4389
4701
3996
6951
3185
4422
9146
635
9879
2230
7329
8985
8077
3759
2787
3421
7012
4648
65
7318
69
3008
509
4648
9488
5788
9560
124
5892
1746
1155
1299
6303
5166
5677
3811
3015
9705
385
2536
8770
3725
3285
8001
2359
8079
6709
9517
499
2203
8564
2434
5581
2303
4499
134
7426
5285
316
9239
4889
3878
360
2966
9874
1569
1712
3024
3776
6887
3683
5252
3341
5291
8213
47
1100
2028
9515
8839
4975
9402
8742
9558
8931
7729
7396
9086
9473
2235
6146
2227
9251
4269
9704
6744
2212
9963
8310
4485
7565
8478
5862
1429
3956
2618
9455
9849
1943
8292
7279
2004
4242
8199
1026
5428
9310
1135
571
903
5272
3760
7154
1060
7260
4918
9520
4602
4568
6436
4124
4753
50
5145
5458
2731
1648
8163
9180
4331
2391
8869
6821
5384
8100
7724
9507
2578
7329
6294
9099
6080
7724
7868
9197
8234
6934
5183
2616
6491
6526
6260
9978
2939
8149
9535
3333
4054
7609
2664
2325
9469
6498
1897
3342
8297
3415
5997
1997
6991
9728
5831
4042
1692
1821
8541
4691
3693
2194
5801
7212
4693
4881
1979
227
3476
9823
8420
6946
992
7092
3125
3046
970
8858
3423
3585
9409
2539
5294
4214
5760
8744
4550
583
1978
7142
3540
3942
53
88
6426
5571
7372
6516
2122
244
3106
6816
5274
9770
8084
1341
9000
8158
9139
9734
9358
1316
1630
1531
6904
897
3889
4591
7679
4552
2535
9965
40
8146
5344
4504
3284
3728
341
5722
4348
6996
8596
8276
6994
1532
917
206
8327
385
2954
7959
5431
2434
3159
5021
7464
9346
4440
3553
826
184
7766
255
7664
6583
4314
348
4832
7752
2594
8788
6657
950
6622
717
4655
2670
9929
5219
6712
9834
5924
1379
812
4660
3584
3691
3247
8994
8922
3018
4137
8876
3262
5714
606
3390
1943
643
5242
881
8304
6064
2550
7067
5200
8081
295
4062
8487
8615
7399
4085
3665
6545
8369
5304
6393
6598
8730
9223
8716
663
9075
3965
1143
5067
9551
3068
9237
8523
7319
2609
1276
9034
7775
5131
1
9645
7629
7111
9170
7729
3814
4479
1192
6211
1996
1732
8913
4963
3960
3563
2945
2564
3335
859
8141
6291
2237
110
8961
5207
9372
1798
8711
3892
4890
7674
3437
3498
2202
9280
8977
4982
9773
9059
2029
1511
4965
62
4477
653
3740
7341
4312
7413
9261
8696
8122
3196
8580
5784
1296
9641
6413
1862
6567
164
7565
9489
3045
5177
1510
3064
5984
7190
914
2956
426
528
829
2373
6871
6673
9079
4428
9587
3357
7876
7079
624
4945
9673
6039
9870
7263
9905
1789
5395
9003
8703
6501
2973
7624
2127
8219
6133
518
6666
7270
6774
6265
8037
5045
393
4446
1781
9020
8058
1257
647
2563
166
1664
48
9894
6727
9351
9066
2220
4618
8619
5940
9768
2576
4342
3227
5832
6125
7411
2079
5612
4567
2350
9633
433
8541
9129
1433
7503
3954
3402
1858
4454
5264
6513
5311
4128
3518
2085
4095
981
7895
3520
9286
6714
4358
2317
6827
7909
8363
7220
9012
6599
5342
6743
2455
4444
2543
5902
4330
4750
3421
2451
5599
2350
8830
4490
7686
2783
5318
5621
1917
9225
7483
9265
5529
5164
4977
9282
7416
3765
6519
5988
4748
7802
6961
1850
4044
8395
4320
1438
4020
110
8816
9452
6195
9528
6135
5455
3756
1898
4294
6700
6779
7867
2789
2494
7332
6914
6940
6841
5727
4006
2728
7829
2244
7373
7075
3705
9340
2527
7631
9322
3869
9863
3371
5891
3220
3399
5923
1932
5893
4378
8369
7050
4361
5958
5044
8370
2756
1265
4535
7159
4867
6860
5178
8257
7261
2451
2183
9828
6955
5740
8475
2321
8403
3343
9700
8074
9992
6379
9042
5706
2007
9135
9753
3760
1603
6362
8931
2375
5884
5560
562
8667
7586
4012
7974
587
9026
198
812
8773
7515
1771
5985
7726
38
3005
4287
5626
975
1413
9640
6913
7060
6579
4193
4912
5171
6241
3112
9075
9120
219
8588
4187
872
5567
3357
3439
4521
9720
2224
4077
4151
1296
3982
6508
3716
9888
1930
5309
7710
997
2547
3467
3942
7705
6877
9446
5560
9042
7992
7498
1894
7879
9631
665
6794
3594
9250
7832
9782
1416
6453
9527
4809
6216
3103
7783
9421
6417
7343
4251
2783
2086
1463
5161
4116
5006
587
8794
4235
5342
1892
2002
297
6646
7858
1944
1436
1091
1326
1581
2950
7422
3719
6935
4644
5304
773
5131
6173
5592
3800
4589
5422
7167
6219
3420
2616
6205
4175
7340
4904
7022
7383
6863
5830
8950
1590
8568
12
2574
5904
3300
3982
9568
9979
984
6450
3907
4794
7399
6845
3481
4504
2311
5427
1796
4911
3170
6155
2141
1413
456
8664
3101
3666
6111
783
9780
457
877
374
521
6613
9829
6433
1140
2920
9093
4773
2359
8129
3857
5246
4857
5591
7789
3871
5387
1148
516
2204
2655
3731
2788
6529
9365
6541
6798
5204
9960
6519
9017
650
6573
6168
3569
4852
9186
4647
247
1330
9180
7512
6461
419
5976
4732
6499
7096
4979
3307
8397
338
7369
1875
7973
227
1869
9650
2648
5645
8854
8900
9655
4460
7041
3835
8513
5736
7303
9159
309
5376
6138
4888
7027
4398
5096
935
719
3349
7547
9048
889
5560
4763
4661
431
674
1527
9482
5764
8410
3727
9755
9776
4512
3076
2578
6986
7661
7632
1456
8194
6538
1660
7886
3100
9191
6391
9070
3515
7409
6163
4099
6244
6339
8125
4866
8884
2422
5183
2633
2419
4869
8597
8014
7642
5067
6506
1980
9733
8254
392
5741
2380
2951
7627
5389
3490
8787
805
6566
6529
3410
1667
204
9851
2844
2143
9778
2692
2221
2856
6093
1543
3858
2279
8565
4344
350
7092
4133
5357
4320
3581
5759
7519
5568
8637
1140
6236
2466
9956
9871
133
9048
6374
7164
7388
3889
7478
4305
1103
8164
8456
9586
6416
2643
4998
4821
6518
8219
6833
2640
3788
4436
2264
7556
1222
6719
8496
1164
4403
765
8312
8456
6011
8863
8816
8777
6205
6823
131
7953
7311
5034
3440
7147
4076
3467
7480
4393
2685
7970
8847
8744
7720
5593
8200
6436
526
9438
3992
1721
7982
9784
4210
8128
4864
9965
9292
5289
5678
8532
1542
681
488
3063
950
5465
9326
2389
6047
9595
6920
235
3240
8508
820
2810
5411
7682
824
6733
8318
1071
6952
4457
3912
6449
8183
8239
7119
5092
3659
1941
1387
2178
2994
7275
1006
3607
6490
5308
1652
2419
7702
2379
3232
4739
7012
6696
6457
6197
4664
3060
9945
9812
9110
1113
6494
3295
5498
8616
8043
662
2445
1265
7032
8535
4182
7291
3139
6662
8705
8609
3117
9132
1004
3430
8640
754
6265
1680
2733
7910
6533
6554
6881
7681
7805
890
2467
6208
9328
1197
408
7921
5219
8447
9170
1282
9376
3151
8575
7117
241
8969
663
9848
8535
6176
2689
1305
6827
6758
5079
7709
6117
6528
9608
4485
232
8628
8470
4352
8749
5036
1991
4345
3171
9135
7359
1126
9914
7241
4430
9016
4418
2216
9863
3580
7914
492
6474
5032
5375
9089
3327
9179
8038
8421
3692
1982
4421
9603
6440
6446
9361
5555
8277
328
7545
2605
2862
9977
2008
6290
6035
9787
7184
3865
4648
6210
166
3320
5651
656
1968
2056
4901
4978
9136
8333
4586
5363
1562
4513
4989
464
611
5251
1001
1294
8810
2755
6604
7823
4271
2301
302
3581
4442
1431
4978
6541
5419
7443
1715
6485
4003
8966
2893
1120
6521
8353
6431
1792
5408
2611
8154
9283
9792
4430
6188
6938
6498
7236
596
1947
3555
1390
843
6525
2550
2876
7961
3382
2209
6709
6790
9259
6185
4973
3020
7739
9223
7758
178
3911
6739
8416
139
9135
2455
9959
2402
1893
3922
339
3233
4760
5891
9668
3815
8217
7282
6515
8372
6027
5344
9225
7001
8202
8103
9998
1207
1560
1415
6156
2388
7838
641
3837
9618
5136
5366
7189
5072
926
9924
8866
6640
2158
4924
137
4302
6612
5522
8809
9969
7699
8521
1630
8303
7615
7966
4602
6272
7810
2132
1029
8711
7576
8300
9912
8992
7566
6671
4886
6167
3773
5496
6766
2007
8965
2612
6785
3415
1232
3723
8831
8633
7641
8898
2362
9452
8664
1203
1217
3931
577
2140
2758
7374
2144
6139
7921
1728
9267
9688
4893
2944
9575
5250
1312
4348
3350
8383
8235
9216
7863
885
6772
850
8567
9753
4545
9481
769
7769
8370
8805
3037
9350
3112
6032
9239
3309
8503
3658
7185
7635
6534
2188
7591
4872
6869
1889
8726
9040
5115
1099
9028
6897
8
8485
2730
7720
6056
9430
7276
1051
2921
4900
8749
930
6227
654
1940
6861
1952
4566
5209
2392
3162
3824
1491
9569
3511
124
7022
5238
2638
6561
4594
1759
8179
8609
1942
1008
3981
2360
5074
5488
5438
7042
6559
6397
1655
1647
2649
187
8621
190
3816
5788
2140
2329
4840
9028
744
4116
2783
8162
5405
9463
2563
5215
6358
2727
8763
7224
7167
8846
786
4516
972
944
9228
5219
150
6732
3235
7685
2617
8130
3311
596
4986
9620
1659
4244
1066
3036
8387
3826
9029
1506
5138
6005
7221
8091
7450
994
3981
7267
7240
7378
1335
6920
6148
5570
5106
9027
4246
1862
9681
1798
7378
5883
3344
79
9545
3127
7557
5461
5001
799
9789
572
1604
8931
3774
1986
574
8392
1089
7553
7931
5516
583
6227
9618
2909
7327
8166
172
5380
1593
5554
7505
4447
3161
8505
5308
5774
7404
8930
8911
9168
986
1842
6185
9006
7997
71
5964
2203
3056
2306
139
4081
6464
7010
8558
2674
4969
3698
2038
7110
6396
9618
2347
7632
9051
7465
5018
811
3353
5527
911
9754
7992
341
7399
952
5811
9869
2902
7758
7911
3212
4315
9275
6618
6923
4181
4958
9012
3574
4456
1276
6918
4390
6762
1563
7427
62
6802
3300
6783
137
5428
5338
3942
6122
7806
3294
779
8720
1386
8629
9773
7206
807
5452
515
5087
7404
2813
4580
8088
2792
3471
4430
4226
6434
4383
32
1063
884
8184
4058
9241
9442
7758
2504
8247
263
6643
329
9305
3567
7854
5102
5765
9247
7102
281
9557
2628
4384
6135
2832
4938
7333
3011
2606
4579
4609
8439
6098
6829
8664
931
262
9182
5193
3817
5067
5244
5389
4800
4651
1149
3258
5030
6724
4301
7762
5971
9893
2738
3111
6049
5033
9816
830
1612
4012
5779
9780
1393
3160
2486
6989
4184
7360
8917
7743
8318
8292
1111
6493
6863
8454
3685
2682
2732
2993
2498
5134
1728
4706
1471
4281
6086
5116
972
108
182
4467
529
6778
4995
3382
9215
8352
5982
8519
3166
5473
6892
2786
1580
764
9706
7004
1036
6202
1582
9231
546
7578
950
586
2455
3459
4199
3770
1393
1255
6862
6219
1298
1235
7085
5464
5692
9231
7235
4568
1246
5941
3846
1744
3940
7114
1129
1568
4727
1594
8408
3372
5070
7006
5120
1484
5925
7672
4069
1124
4391
2531
1170
2
5990
5809
4016
5658
7858
3650
6593
4785
168
1401
8007
914
7883
2176
1440
9259
3306
1966
3262
8832
1738
9953
2328
9597
6814
8502
8359
7335
6567
3586
7251
7756
7405
5111
7484
5350
3636
1307
4238
6036
369
3137
8060
1343
4011
3069
4035
1822
6560
8051
7892
7832
6973
2381
9795
5000
7989
3177
7057
3894
9999
1436
8855
1780
5267
8405
2166
4328
4036
9019
2559
5572
8315
3654
3926
837
360
8345
7154
705
6933
6407
2933
8897
882
4166
5289
8193
5425
4037
5901
7575
3219
1153
2636
6744
2215
4051
721
4996
5306
7483
8348
9713
8537
2997
5448
6689
455
5365
9314
7304
434
9076
2297
9772
2235
5461
1836
7841
8836
2369
6307
3403
835
6674
9075
6858
8563
5013
6061
1661
3829
2124
9136
3483
4446
8444
186
5756
6731
8703
2810
8393
2433
210
2246
7395
7138
3525
217
1615
9259
8357
2454
8724
6102
3419
2424
8204
6401
3230
2007
371
7328
1527
7650
5448
3883
3307
8646
7012
9805
2615
528
3904
8831
9422
1369
2554
9421
4097
3059
8073
5
458
4520
8908
9944
4521
1292
6271
2478
8251
4940
7953
1808
5213
695
3618
2777
2582
7210
7691
1846
1027
9460
1730
558
5545
4939
570
4269
7049
4904
2292
2657
4118
566
4870
9746
4643
6995
4098
8847
9837
3900
9333
5116
9720
2022
4787
941
305
6301
8229
6663
6607
8842
8455
2967
7841
9799
9949
6574
8109
1806
4417
6892
5900
978
1316
6051
6655
1394
7459
153
7527
9593
8080
4016
6276
4342
4875
4813
6842
2404
1533
898
661
8104
1008
373
323
3321
5863
1745
201
6282
7140
5789
1514
5657
9257
8428
7219
336
8656
8946
8773
1801
109
5450
2629
6419
4645
9459
288
4664
9172
6054
4668
1296
8324
6651
3726
7371
3735
6289
5162
886
4606
7104
8068
9351
3314
1434
4154
8795
9662
6914
1891
7539
936
4219
4483
4670
9370
5241
2982
8971
8999
5385
7330
1377
9093
1145
1037
5145
5716
5537
1081
7767
2681
2778
6820
2241
626
4681
915
7790
1669
6554
9600
2240
1942
6288
3028
9567
938
9016
3889
9079
9268
4151
5410
4900
9577
8365
8050
2623
6952
4931
5513
2998
1455
8036
9881
9617
3753
2838
9988
8844
9728
1344
5528
815
2031
7923
7148
9105
1021
4224
1858
4520
108
7939
6401
4587
1356
4917
5855
2630
3328
7581
9190
4769
9872
8801
4236
3958
1666
6037
413
6002
4823
1184
3759
746
9075
8195
2258
9800
8811
9705
3551
9007
7179
3357
8473
9068
426
2438
4037
7475
70
5268
9358
3400
9470
8391
8200
5115
3493
7884
5217
5600
5031
6722
6233
1750
5089
5698
8837
336
6398
6337
4985
4814
2226
1057
1082
1897
8485
3982
7384
9678
4772
9775
374
991
3777
8019
4643
756
9256
701
4145
3463
9539
2366
182
5911
5647
6566
6766
5065
5299
8998
1293
3103
3687
5036
7104
6882
4937
7044
9516
2065
4761
8967
1206
7431
1596
2585
9381
39
2779
7049
8326
2630
5574
6137
7567
5193
6199
7834
4177
2693
5276
3936
9025
4972
2194
7908
4205
1128
4053
2588
7645
9693
3557
5514
6869
8859
1851
3518
130
6110
8922
6946
8219
5809
7459
3198
4390
8054
6092
9717
7765
194
5903
8341
1133
3117
2329
9202
8622
9908
6997
2033
3805
185
3151
4324
477
4567
3612
2779
3412
6374
4512
2631
1955
5794
5013
4354
7249
7012
3749
6119
6975
3671
9901
6962
846
8086
515
4774
9296
1183
6456
293
2098
8813
1956
8019
1038
2828
1032
4136
913
4247
1825
7119
4087
3978
4684
5639
5438
3507
8816
6746
1347
2166
3564
5987
3195
2206
2921
361
8375
7601
6248
5786
9711
2578
4406
6752
6421
4644
3181
9559
7338
1521
662
9448
9558
1884
129
886
6325
4765
4714
6149
6218
3755
3037
7254
3489
1049
5903
3303
5122
8402
8581
2833
4923
120
2290
35
7051
8439
3714
8058
9057
6000
143
3702
6791
6186
6353
4679
993
2453
5575
7908
3819
3693
3915
1576
1005
3578
2436
4912
4383
3025
7767
9072
2723
8577
9950
3678
8167
1624
6316
2210
6820
6638
8680
8783
3092
7445
2414
6378
690
3394
1904
9759
7501
1217
6419
6766
1340
326
8726
8043
24
2132
1751
229
1403
1935
8501
3772
4746
2961
3656
1016
661
5175
211
4199
632
8253
4471
1533
6118
2531
9077
8495
6127
8918
9483
6770
5518
7043
4910
6774
4161
9288
9764
3785
6250
1497
2246
3882
188
1244
637
4600
7143
386
5735
3735
1343
5886
3375
3345
7568
1770
6431
6392
786
1266
1913
848
5384
3751
1231
3982
121
1633
7318
7418
4115
323
8779
4729
5988
7936
3837
794
3020
4782
1206
4316
600
4107
897
4055
1111
3122
1475
8499
8598
2161
5942
8280
9941
6458
6657
412
6817
1997
4923
9035
311
1149
5538
2233
8468
9694
1130
3331
9296
4354
8295
516
806
4808
8798
3012
2174
9649
5214
3223
8674
862
5310
421
3556
3328
4757
819
6567
4760
587
8806
1367
8782
4094
2079
206
653
6106
1011
1388
8531
7943
8967
311
5537
247
8820
4317
9334
9974
7367
8480
2664
1250
1213
2129
778
4761
3418
3740
3863
1639
5151
3042
5286
7964
7763
6454
512
7174
5277
4324
2298
6938
6944
9238
8102
2408
4056
514
7452
6200
4841
380
4540
6948
5410
3601
9053
8143
8426
1059
1513
4955
6854
7968
3896
2733
194
2054
2517
995
880
681
4585
2606
632
8344
2219
3453
4393
8854
5144
1069
7368
6530
6306
6805
4381
2620
6660
6014
1034
8726
9171
5862
8810
5309
3560
1943
8403
8851
8358
9634
6259
5020
3305
7893
1600
4111
225
8876
2905
6207
589
4440
3035
7517
7533
5883
2973
1131
8358
8763
2910
9794
6122
797
1706
2071
6500
3774
8823
2963
2311
751
3274
680
7087
2695
6093
5219
1445
9392
3478
831
5793
3969
5436
9159
4451
125
8204
191
4512
6074
8834
1585
7255
5814
9361
8199
8907
5948
9101
3850
6771
645
1175
5896
2362
8727
3382
9832
5712
1988
3827
1393
3072
4227
1639
8101
1196
8514
5557
8152
1643
1363
6206
3530
9880
9925
4797
1527
8505
6714
3341
8936
4840
4366
7821
941
4230
6004
8265
804
6455
4544
7820
9168
1375
787
9603
3520
3948
5970
7047
5435
2160
892
7317
1640
4240
8855
7376
7396
2364
903
9025
3518
5220
5310
6789
4233
306
9370
5397
431
1136
2756
6418
726
4234
4286
8766
1622
5988
4547
8570
8206
2527
2406
1431
6620
3485
6378
3973
3289
8904
6739
8009
1885
6191
2527
8051
634
6057
5547
6386
2984
638
8490
6691
3094
3975
2013
9303
7211
306
5363
55
4126
7706
1321
69
1851
6893
9053
8609
4685
935
7800
5182
7035
5960
8833
2939
7463
6481
56
3467
4256
1342
3022
8762
4979
6807
4231
7564
1273
4338
7968
5657
4548
9697
4516
9941
7541
9815
7582
121
6359
5920
5808
7032
2285
5503
8083
1086
1076
4231
4463
673
1249
2827
6681
6456
8922
81
2055
2596
6148
6783
6897
5217
7916
3776
9966
1290
5323
9653
5687
9096
410
4129
9913
2246
8168
863
1318
8375
6260
791
7982
6591
333
2440
5762
1641
7355
690
2301
2839
7851
977
8632
7205
7988
8419
9925
8140
3683
850
9647
3818
8638
5294
4042
8605
3758
7858
8595
3779
7012
9916
7770
8659
5637
9918
8572
6421
5258
7578
608
4205
7759
7068
1428
47
4990
5627
4047
9232
3699
52
7163
2135
6682
936
1596
3660
3434
8549
3786
9441
2453
7340
2241
9295
755
9581
1854
8630
262
6971
6642
9074
9476
7654
6300
3463
3795
1689
6382
1893
7746
2728
9612
1853
2266
2238
7956
229
6590
6225
9149
1544
1981
7376
9717
8101
1601
7121
5039
7102
6871
7021
7708
2558
8070
2097
165
4826
4888
7445
7381
642
3731
1143
4314
7891
8119
5195
4611
1332
9498
3442
9371
7140
3847
1442
2778
9229
5339
5459
2464
1115
400
7589
7152
553
9084
1145
8260
3545
6943
9947
49
6510
2304
745
2118
4037
1569
5357
9223
5722
7246
9971
4996
4015
7358
9079
9482
143
8706
1931
6055
6886
8346
600
8281
2146
9927
6164
8742
3971
6254
3222
450
3651
804
2067
1766
1801
531
2034
6675
786
5842
4471
5541
3425
5209
20
6753
2500
6823
75
5262
8946
7177
7214
9921
3127
7388
4222
8711
7056
3047
5103
3761
5224
502
2504
192
2987
484
6692
6606
8213
6200
8755
1925
705
8333
4332
9228
3853
4786
4104
4617
1705
9922
2468
8993
3745
7268
5202
5479
3119
1788
9110
6178
9348
8066
2849
2050
3040
2322
6344
9180
2826
7441
3018
7601
7492
8580
5744
162
6725
5100
5534
552
8544
7201
3347
3816
9445
2876
3239
95
3776
2812
9701
147
3234
835
2601
5721
9609
2826
7917
8453
7654
4668
9708
615
7384
6270
6926
1113
5483
2905
9443
3936
2508
2314
3837
498
1475
1087
4792
880
6572
9349
9385
3775
5284
6760
5219
1445
975
6616
3466
6935
2021
5131
7632
4450
6005
6647
7877
4412
3715
3600
2221
9493
3204
7689
5760
3212
9640
1854
1796
2342
7850
2387
215
9546
1349
4118
1313
5588
630
1378
9414
3172
6527
1661
1745
7063
4902
5243
4061
2711
6169
9924
1881
3834
2945
3905
7898
9381
5607
5377
8842
9096
1466
2048
8054
2421
604
1737
5455
3379
7600
7649
2906
4278
4856
1187
4577
4261
9333
2556
8820
7277
3303
4212
24
4988
9712
8350
542
1139
4008
6505
3275
3790
5584
2437
4892
6037
466
2787
5303
3934
7628
6996
3745
2419
9570
8528
2524
9202
5426
2101
3891
7742
1534
8808
3818
4190
4676
8466
6842
6950
3737
1473
9229
7229
3065
1703
2518
4830
1986
7335
780
7942
9341
6292
7063
7195
7613
4879
6639
4831
3767
2559
8318
6001
4077
200
2896
7296
4830
2388
1149
3945
5878
3959
5747
6684
6219
5279
9073
2137
6822
6709
6174
3474
5755
2630
5236
5464
1887
8355
9160
3811
4163
579
4508
4943
5954
5549
7272
7305
1282
9016
6923
5660
3570
1695
4885
8285
3432
9460
9339
9526
7804
5683
5137
1431
8735
3584
6172
8109
1018
496
1230
5094
9016
837
8197
9284
7094
5627
5044
280
3198
822
5122
8707
3000
4332
4532
1816
6898
5709
3743
8251
7001
3202
6011
254
6428
226
8072
8139
7302
5631
3920
2247
5343
1343
8719
1235
9533
4332
86
764
9222
8500
6478
6022
4052
8224
7945
8805
329
3401
9778
9569
1411
8049
1659
860
2667
7394
2382
283
1032
4536
7853
5718
1544
8800
8347
2175
1412
7620
2357
8319
1931
4236
6830
2819
4286
8278
2464
1430
4652
554
9088
7687
1712
968
627
5332
9805
49
8119
7474
5274
5041
7943
9574
9749
3582
4210
277
2623
8279
8910
9799
5281
9172
6827
8770
9950
5645
5776
9108
3901
1982
2815
52
280
9006
3905
3747
9682
5004
6669
2638
1218
2913
4353
580
8160
9048
1287
8899
1068
3945
8329
3569
3422
3720
6562
6608
4600
3455
9054
3781
9012
6260
4111
8174
6929
2823
4960
6265
4365
3722
5816
3272
1284
1752
3472
6708
8882
7208
5802
897
1714
8604
2285
8334
3563
8046
6698
3989
6006
3224
9034
2589
8792
852
3239
7597
3106
566
4096
4605
9789
3367
9908
8571
6416
699
2085
4882
7751
3899
2620
8794
5194
4893
4287
2378
1126
8755
508
6153
2315
9199
3210
8092
4752
4387
7567
4193
2879
4360
1531
3071
8337
5120
5827
7600
8946
5162
2181
7547
2036
1733
4723
7871
5133
6328
2136
2992
2539
7747
998
7819
5383
9045
8785
771
2244
6813
2281
3962
1436
1467
818
7451
9596
5123
7268
1313
7721
6340
1151
979
9922
9390
9094
6901
1110
3877
312
2834
8172
7009
3875
4871
9434
2736
4805
3278
9850
6655
3817
603
2533
5251
9379
6045
263
1052
5122
2244
4569
1590
183
8794
8008
9585
7776
8932
3444
8466
3564
1632
451
5508
3048
4322
933
3759
4335
3431
8392
7465
917
6536
6170
8835
1417
5340
4946
2742
1263
3486
8274
4762
2094
5390
9224
8755
8399
8117
5771
287
5720
5316
4666
4957
1964
7513
8556
5863
7907
2280
2490
9093
1195
1148
7366
9220
5024
3728
1376
5309
3168
2037
7633
5191
3567
2499
195
3701
7371
8720
6185
9621
358
2210
8333
9737
8409
2317
8367
6167
8139
5209
6845
5315
5586
3810
1397
7497
7531
9467
3535
7549
3973
2519
8198
7295
502
2000
4842
4357
453
423
3098
9155
1900
4027
138
482
7802
3094
2295
981
7967
8863
8254
9088
6158
5997
3902
6049
6788
6681
2470
1190
2714
7815
5080
6820
1973
6361
5632
7638
5902
121
2699
4441
5564
7307
2272
8132
6793
1645
280
7357
9215
3691
4172
6853
3239
6900
5763
920
288
259
4672
3394
8312
6008
9090
9475
1702
7182
7882
3220
7588
171
3022
4246
4605
5112
9793
2615
589
8066
7068
2413
2028
4139
680
1524
2027
8303
6662
8763
7982
5056
3461
3793
4994
3510
1300
7389
6600
9217
3913
1114
1727
5042
2607
3771
4783
888
9695
1353
6135
7311
6372
8727
5491
6675
5582
906
5385
6222
4439
1738
1491
8622
3894
4975
9644
6933
7702
4295
5093
5169
3598
8786
1094
7929
1216
548
565
1338
2496
8666
6509
5209
9911
9224
2567
9774
8624
7685
1014
3882
4647
6870
2952
7609
9478
254
9343
1238
4731
4853
2448
829
1003
1531
8938
3427
9626
5465
4723
2980
5206
1890
6968
9901
8984
5581
8438
6944
6403
7609
855
5232
362
1276
6853
9688
6680
7070
3354
5911
6752
8092
4646
35
3690
3449
90
4476
4886
4661
3496
3372
5429
3956
1938
6975
3448
7695
4656
1030
8923
8532
8548
7404
1512
9650
2871
8652
3687
1947
8518
4141
4869
2108
6018
7068
4813
4367
4833
5633
2363
8986
8020
5063
7148
3201
4041
3432
7707
8887
654
3483
1105
2550
3753
4475
9866
6266
4041
3296
5409
1600
9937
2591
304
7575
2871
6344
2253
6211
4215
9504
1413
7348
7850
4651
3977
4564
9844
7910
509
909
9402
2381
5695
3307
625
7058
7493
3255
7141
4928
589
9146
1494
2662
3302
2771
1474
9492
1890
2770
6169
2611
1942
7274
330
1497
534
6336
9540
6198
1435
6985
1130
918
2602
3531
6472
5777
4435
4321
3658
6725
5200
9992
8102
5559
1887
2161
6968
2250
936
9369
5145
544
2739
3344
7324
6271
8770
3072
5447
7344
2052
6102
9041
6002
683
7436
2486
997
4168
7421
9087
5326
5077
8930
7648
3187
3718
887
3487
393
8671
8655
3751
7628
912
2959
1858
1095
7711
4173
5002
7745
6259
4728
2975
9748
9505
4831
6039
9885
1663
382
7319
5557
146
7264
4647
6266
657
8787
3073
126
7780
293
6372
1164
2697
8328
6326
7297
9113
5147
7155
5944
5527
6738
6300
6107
2535
1545
5445
5445
5335
5549
7491
5651
5118
2497
6390
5940
1722
557
2782
891
3106
352
771
7416
6496
3232
7720
7758
6667
4722
7657
8539
4027
3182
9992
8412
1727
2356
8604
8623
7184
90
9764
7237
1568
5093
9561
6742
5507
4989
1624
8263
6394
2560
4386
7462
5813
7999
5557
6134
3485
9787
8719
3926
7960
7456
4293
9400
7105
7615
123
7545
2575
8330
5730
4500
6853
4543
1317
8513
5153
6315
841
6602
8160
8746
5694
4872
4109
4284
8677
4282
9001
3557
4048
2083
8821
1786
3415
1436
9181
1423
8038
8141
2835
3233
5887
7617
3685
4172
535
9434
6020
1546
5226
1589
4174
9228
5130
5430
151
9224
1617
3688
1912
3323
5407
3762
5344
4827
22
1995
892
1530
34
5355
2805
334
7106
2211
1597
5671
1728
6241
7478
5401
2135
832
4412
5566
3994
2689
4032
4815
7506
6212
1250
5952
4893
6343
8656
554
9118
1069
6642
4875
4748
5517
8951
7144
205
3199
8373
6255
9979
9112
9547
4757
2902
416
2178
3065
3401
563
8478
7812
1059
7566
9389
2905
65
9428
919
814
9555
1730
413
8092
8721
8864
6053
7260
8857
1527
1622
7127
357
5125
2620
7950
529
5639
901
3964
654
9295
9187
167
6063
4638
9670
5477
2086
7399
7358
2085
4264
8486
6255
7570
9693
7178
9427
295
1247
1371
944
7114
6651
3677
9001
7952
2907
8341
7320
6949
8916
7738
2018
6085
7723
2254
700
7654
3840
1333
8484
3400
4274
2556
3477
9494
318
515
9048
1899
270
5235
1049
8711
6661
5148
6317
251
8031
4790
3074
2775
3185
7614
4519
308
7875
9535
4546
1688
6380
4173
6733
1140
1800
3040
6320
4697
5878
9399
6308
5537
9492
3297
6427
4734
469
4615
5570
8646
3025
6558
5356
1560
4754
8099
2300
2450
9275
5445
6973
4565
8876
4713
4336
9542
9915
715
7856
9842
6062
8534
1648
9702
4277
6921
1959
7623
3799
790
4429
7599
551
1630
1422
6806
4370
9176
2655
2081
7044
9943
7247
4915
205
7321
3923
7841
410
7384
8054
9461
6583
7802
369
7505
8071
4198
4968
4723
7881
7899
3624
3025
1492
1443
385
9246
6225
1957
3649
8305
5928
215
5092
6293
8577
4821
386
2274
5719
889
7318
2689
7516
7685
2189
812
3940
8902
8778
5305
9809
6080
2599
3894
3928
3988
9949
6202
4487
9639
6269
5566
6599
698
5368
9126
2662
8626
3891
254
7205
9278
8615
3878
4142
8136
5104
1990
3871
4060
1947
5908
6674
5616
7224
4178
9212
717
9031
1531
5049
8036
9620
2750
723
9061
9787
6030
1223
2706
40
7223
3847
9635
8298
9925
2988
3282
3575
2488
2117
7414
1605
8333
6370
7055
4958
2952
7471
13
3610
2405
8526
844
3517
2077
6434
6856
8082
2412
1633
1957
9109
2756
582
2366
8554
2373
9423
8480
7761
6829
781
9930
4874
4222
4511
625
9443
5432
8921
6813
8967
2470
9424
7577
6878
1273
8518
5944
5777
379
6362
9194
5219
9014
3682
2762
7784
7063
3057
2374
9168
4236
1313
2178
2824
3092
3717
9179
9175
5747
7139
6508
4117
5520
1982
1869
497
1477
4027
2173
5707
3141
9413
6487
8347
1860
1313
5088
548
9788
17
8853
8173
9024
2509
6876
5857
3621
6634
7996
7006
1667
8490
3477
7108
4730
7874
2174
6864
3425
9451
4378
5316
9277
9219
4219
4105
9398
2384
2752
5501
7073
1126
4079
9595
8407
7246
4831
2372
3236
3113
5459
7906
161
7396
7587
1682
4973
8055
2535
5324
1165
321
1376
6899
5187
1097
7232
6579
63
8401
2502
6889
6041
6532
9672
1666
9265
4980
785
550
3878
4045
7887
4285
9625
6811
2952
9386
3464
2574
7999
2060
6766
2275
5599
9984
2062
1633
2704
2102
102
3278
8959
7468
4423
2269
2534
5640
3617
1352
9545
4817
5225
2624
4604
6962
5272
2423
850
1030
6147
9461
8157
9788
3327
5593
6919
3847
3025
8231
1457
8548
9896
5669
9963
2782
1
84
7346
3039
8607
4723
4358
8494
2405
3382
5094
7482
5012
2106
7937
1124
8969
4591
6569
2424
2476
7702
2021
8887
4861
3793
6182
2645
9179
7743
1959
5028
7166
2299
9453
8767
4665
4571
8230
7510
2953
1984
2520
3000
8822
4974
5024
9063
7079
3320
4649
9156
1692
8078
3823
908
4889
2600
8216
3079
3009
9261
3019
6421
5729
1669
4879
1066
795
9504
5447
5531
3834
2658
9736
1374
4163
249
364
3161
6586
6812
534
5106
9187
5267
5928
8101
3406
7345
8470
9085
1027
3574
9461
9028
3179
7795
2687
615
1598
6271
1675
5110
3437
4479
1661
9714
7613
7554
7144
8505
2925
7275
608
2657
5000
4456
5439
6277
8072
5584
4665
7166
8508
3033
3274
1687
5600
5375
121
353
5929
8327
430
4053
2379
9677
7201
6539
2611
7259
5431
3517
4648
6399
5488
4695
7191
7398
4698
5014
5506
9851
9367
4897
7474
5459
1776
6305
7414
9601
9438
809
6739
2308
3936
2472
2224
3338
1730
4519
2164
9266
3003
5968
7650
6035
5698
4239
8281
3344
1510
4074
8164
9486
3695
8215
5497
8353
7588
7574
2826
1212
4007
3765
8536
765
7695
6485
2981
6406
2970
1894
9819
4112
7812
9911
5987
6466
1980
2201
7124
5790
6101
2323
275
3794
2651
676
6159
4494
8028
2742
865
8753
3643
1724
8745
6074
6618
7805
6879
5020
2395
522
6292
9967
1500
528
8655
8968
1512
3884
5743
2893
9085
9290
5993
5747
8342
8063
8395
2796
1957
5542
8527
9272
8090
6927
4512
2317
9448
8113
3912
2778
2428
8561
9071
1389
5511
6964
6071
7076
4204
1487
9366
9975
1207
9400
2864
4715
6363
3387
8099
3890
7923
7158
6248
7110
8702
7732
8049
6568
8090
1255
2930
6360
6644
9790
7014
9639
3811
4575
897
7583
3508
9823
4221
3938
5741
6689
1050
6015
6047
6429
6234
6399
3125
9349
2440
1379
1406
8811
5051
5796
6386
9977
2161
9143
8581
352
5504
9585
3286
2142
3842
8518
5975
9975
4790
1610
3193
8887
4329
969
3008
2924
3361
2625
9134
8895
2749
1888
8592
8290
3807
7687
1024
1569
8967
7714
7543
8275
6339
3846
5789
2780
8107
5957
7353
7380
23
5064
9871
7767
4880
1889
9441
4900
7913
7239
7724
7122
3929
6238
2133
8263
5101
9000
2968
3081
4877
3059
4190
8781
661
6979
4676
6841
698
5788
7049
853
4385
1829
5857
527
4199
2805
2370
4310
8881
7165
6194
6540
2859
5279
8254
1882
2215
4024
6560
7658
4638
3096
7730
336
1416
3068
4982
4288
7689
1124
2018
5968
534
5749
5278
1031
5499
5128
2685
928
1773
3673
7920
3455
6604
8030
5258
6222
8539
2478
7727
390
910
8196
6072
2710
2093
9692
3288
5830
357
6898
1157
7751
9064
2035
2598
420
841
4400
1888
3081
580
1615
7010
7965
5748
9360
3411
33
3914
4125
6370
8914
3500
8439
4969
7214
3562
8214
4160
6039
9104
8971
4573
4938
5202
5202
7961
661
220
969
6526
1489
8466
3902
5105
7386
6889
6838
7175
2926
577
4151
4961
7190
3109
4769
5208
6412
9030
4893
178
4430
1148
2031
4180
4922
5356
5721
887
6070
3776
510
6167
9829
9188
6693
8865
2282
7148
9628
9497
4334
2938
8769
9132
5568
9981
7408
6809
371
9220
3402
3908
2632
9416
1062
615
7149
4836
9897
3284
338
5403
1908
2306
3611
4650
8643
5899
6916
9230
6882
1992
7224
4003
3325
4979
9743
4599
8827
3925
9041
7305
7545
4514
6344
3836
855
7035
1527
5746
3473
4692
8424
4271
1733
452
9192
5044
9427
9232
9991
3941
3355
7434
5795
2580
3812
4604
6014
7201
4487
199
6602
3637
7183
8843
1734
909
7744
254
7406
2015
1651
957
6432
2860
8273
622
1413
7614
2031
8605
2137
2753
9246
2648
8792
1123
5182
614
3886
9840
8026
7810
5806
720
6763
2284
1639
1076
4049
7711
5833
8797
5815
4292
1875
9710
1911
489
8678
9252
4603
6710
6468
4292
5623
756
8789
8719
4003
2792
4512
7143
450
213
2825
5823
6967
7971
7315
3266
4238
838
5718
561
7616
4416
9070
4869
3052
8984
1663
4425
5884
1570
7351
1196
7611
5278
392
9479
4967
1909
8446
7175
3392
993
9522
6624
2335
4832
7821
8496
9154
9652
7619
1688
3628
1513
4289
1863
144
3437
2121
1215
7108
9368
4518
3274
5341
4913
442
2327
2081
6411
5760
4698
917
974
15
7624
839
2387
379
4697
6332
1201
3590
5826
5190
2748
1422
5404
638
2649
7975
843
8513
9641
4172
3582
7225
4743
35
5231
9948
2620
2479
1555
7269
7735
2409
8091
5283
6402
8242
9157
9344
4693
6847
2270
514
7101
4775
7298
9436
4654
3388
7691
4645
2413
7679
6772
3602
6104
1199
7144
8190
1085
4014
8941
4352
2887
4129
2594
9093
7659
3054
2318
462
8463
5126
5431
8181
1188
9991
5368
1364
2954
4131
2059
6189
4855
8931
137
1455
7634
6091
7302
1838
6285
7727
5407
2875
5044
4787
4271
3939
2999
553
266
6412
5604
583
2523
2892
9221
699
2877
6889
6501
785
5197
1733
8610
240
8756
8320
6141
6808
8563
1978
5773
9942
9560
3195
2379
5251
4627
933
3641
6968
7344
5649
6624
8573
2644
2530
608
6044
7454
5682
3075
4490
5482
5204
5700
7450
9344
1806
3325
9393
292
1648
8617
1660
7405
4669
7658
6805
173
5726
4300
8752
3893
6185
9745
6965
4420
802
6538
379
8748
9537
6605
2215
2940
7605
1186
9779
8168
3771
3509
9141
1500
3745
5897
2398
6046
8889
879
6320
1728
4490
5987
5179
3746
8488
4322
9840
8422
6524
2456
1981
5100
4158
580
3846
5332
8310
2851
4112
2109
6087
4444
9678
1320
6407
651
4487
1467
1156
1146
6492
8563
4456
6841
2433
646
799
3257
8982
3993
6319
2273
2909
1163
6185
9669
9994
7811
2801
4787
4516
4210
8323
3387
4
5743
124
1427
9642
7851
3413
4187
877
2023
9619
8226
2243
3883
2774
4670
4340
2644
1986
2166
7817
9666
1461
9877
1320
1296
8189
5957
1819
358
1647
3492
5686
2656
3045
824
6145
3526
5394
9095
5268
1452
882
9161
774
4872
8604
7272
7521
6086
2579
5249
3720
1348
8472
5640
4731
9301
6147
2525
9797
5897
9844
8635
1185
6349
8996
9827
1738
2931
4096
4072
5316
960
9180
5499
8901
9777
4278
6886
3507
5112
7976
9080
3392
7117
1776
1684
2751
3998
6234
2660
8335
2854
8474
8495
4526
7201
1450
2351
7756
1538
9127
5890
5255
3560
4028
4578
3237
2359
2205
7033
545
333
3117
9338
2932
6622
7740
8861
4483
3393
2479
4414
8761
136
7703
7917
297
8780
6250
1876
6754
9979
3905
434
5988
662
867
7642
6223
3730
6512
4922
5481
2548
5064
7463
1577
136
5449
9432
4659
6719
4067
7618
8463
9274
2797
6756
6183
7529
9799
3073
9385
2089
6067
867
5002
9094
4432
5570
1670
9502
6297
9056
5516
927
1906
8665
8581
3507
2068
6756
4549
3293
8158
7333
4564
3018
7498
4054
4416
9761
9774
4185
2551
398
6103
6704
6874
6466
4213
9629
7604
1461
9978
1921
5778
2099
4869
3513
4402
3341
7303
7910
1187
879
402
259
603
7881
3666
2255
1888
2491
8060
9941
5739
9993
7933
2903
5662
5972
5232
2972
7509
5976
6064
6808
9993
5910
6365
7219
2290
9521
2633
8943
7810
2995
5117
5115
8372
9280
2033
8777
2782
4784
2438
2134
6453
9537
6912
678
7781
2845
5919
4323
7313
6302
5290
9893
7394
6803
8901
4833
5821
2479
9681
4394
6190
1976
1087
1908
7302
7517
6429
4777
3496
9498
1195
2573
178
5052
9090
8224
7236
792
4494
8949
7493
225
5464
9524
1240
5016
1270
5525
8381
616
6251
4182
1327
527
5801
9268
7532
2705
2845
26
1019
3038
2128
8072
1759
1443
4126
52
9699
3539
8272
5424
1884
8005
6046
9741
7908
9095
31
8562
7558
6621
4180
6293
7522
3099
4135
4789
3361
3571
8903
9874
2168
8113
8594
8611
5996
1181
3823
3739
9114
3991
9187
9915
1366
9507
8358
1798
2104
4498
4039
6552
1591
4106
8547
2485
3197
7947
1814
845
7189
9748
3889
5080
8217
5395
3491
6482
979
2092
6363
1598
5398
8459
7763
4768
4925
1446
736
4091
1162
1419
9294
3307
8136
1773
2867
6143
1939
784
8491
6918
5357
3738
9873
3335
