100 10000
1010 1040 
1400 1410 
250 1300 
1100 1370 
1110 1360 
330 540 
230 350 
460 930 
110 580 
1270 1360 
120 550 
1420 1440 
560 1440 
1410 1440 
690 1220 
560 1350 
310 530 
1220 1280 
1340 1440 
780 1410 
1290 1360 
360 980 
1240 1380 
440 650 
1290 1350 
70 980 
590 1060 
510 1220 
1230 1280 
630 680 
1150 1350 
420 1000 
1310 1440 
500 760 
110 1320 
490 1220 
1390 1440 
1050 1060 
290 1000 
510 1070 
1090 1240 
460 910 
870 1310 
1400 1430 
340 730 
190 850 
450 500 
550 860 
520 900 
1310 1340 
160 1440 
680 1400 
50 930 
630 810 
530 910 
420 1320 
590 1070 
950 1390 
250 1020 
450 1340 
510 1400 
910 1410 
1300 1310 
260 360 
240 1410 
20 530 
460 550 
130 380 
780 1180 
260 480 
640 1430 
790 1190 
260 1130 
530 1230 
1250 1430 
910 1410 
1080 1280 
80 370 
420 1280 
610 1080 
970 980 
1210 1250 
440 1000 
1080 1410 
10 1020 
240 1110 
200 1010 
1200 1230 
850 1090 
550 1110 
700 1160 
1300 1420 
450 1100 
730 890 
630 1120 
760 1080 
360 640 
170 200 
430 760 
1290 1360 
1090 1220 
250 1010 
1080 1440 
80 600 
1060 1100 
630 760 
240 880 
120 1380 
1190 1430 
860 1100 
50 530 
1380 1420 
550 970 
120 1120 
1420 1440 
110 200 
1070 1240 
510 690 
190 1250 
350 560 
50 960 
230 1000 
90 220 
910 1240 
790 1130 
280 870 
690 1320 
740 880 
480 1080 
190 760 
620 700 
170 750 
490 730 
1200 1410 
1170 1270 
10 530 
720 1130 
1400 1430 
60 180 
980 1220 
160 1110 
1380 1440 
700 800 
260 440 
430 770 
1300 1370 
820 1050 
720 1330 
570 1140 
1200 1220 
1270 1430 
250 770 
390 800 
510 1380 
1400 1430 
640 1120 
1330 1410 
1370 1440 
80 190 
1060 1320 
620 1200 
500 830 
320 1360 
1280 1380 
690 1440 
1240 1340 
1430 1440 
630 1030 
970 1320 
570 1090 
170 1360 
170 750 
50 830 
270 710 
290 400 
80 800 
810 1180 
1320 1350 
1230 1360 
860 1020 
1320 1390 
270 810 
820 920 
770 950 
1320 1380 
280 1440 
1070 1390 
1030 1100 
790 1360 
1240 1280 
550 960 
350 750 
1390 1420 
1070 1140 
330 810 
30 910 
460 890 
1400 1420 
1060 1270 
1350 1370 
1040 1220 
600 1070 
810 1060 
550 880 
840 940 
1330 1440 
500 730 
880 1070 
200 1310 
320 770 
210 1100 
610 1130 
420 1100 
1040 1290 
1220 1340 
1020 1120 
1050 1410 
380 790 
1010 1210 
1080 1220 
1160 1370 
1200 1360 
100 1220 
690 1330 
100 930 
490 1190 
1420 1430 
1340 1350 
950 1170 
500 770 
1320 1430 
260 1130 
1160 1400 
1240 1260 
1050 1360 
940 1330 
680 780 
1030 1320 
560 1410 
670 1120 
1370 1420 
1290 1350 
40 1280 
1210 1300 
1090 1370 
1100 1280 
750 800 
1180 1240 
780 1250 
890 1210 
310 630 
1070 1330 
1000 1060 
1350 1440 
1000 1230 
1290 1310 
250 520 
100 290 
590 1230 
680 1350 
910 1160 
1110 1120 
200 730 
70 550 
1040 1300 
160 1270 
330 1110 
220 1360 
1430 1440 
1280 1420 
710 970 
310 680 
240 580 
10 980 
1300 1420 
1330 1380 
140 1300 
1420 1430 
500 1440 
1330 1420 
480 1230 
460 860 
900 1260 
1050 1130 
1310 1430 
1230 1320 
760 850 
310 930 
870 1410 
1100 1210 
180 1170 
470 740 
510 1030 
430 560 
460 660 
1350 1390 
1290 1330 
1030 1060 
270 1040 
1110 1260 
160 670 
1080 1280 
260 1180 
1400 1410 
120 780 
1250 1440 
1230 1380 
1030 1300 
390 1260 
590 1390 
1090 1320 
700 1150 
670 830 
760 890 
320 410 
690 1280 
70 870 
680 960 
750 880 
20 1400 
260 590 
380 970 
460 890 
1270 1410 
340 1220 
660 1310 
1370 1430 
1070 1190 
500 1290 
90 1320 
840 1350 
940 1310 
1340 1430 
200 1320 
680 710 
1060 1320 
200 1400 
10 630 
770 780 
370 900 
20 260 
1120 1420 
830 1390 
450 700 
1000 1230 
310 500 
410 1380 
230 480 
530 770 
850 1110 
1050 1310 
60 870 
370 1040 
100 890 
520 670 
1010 1420 
430 1220 
590 630 
380 760 
1240 1350 
1010 1100 
810 1300 
1410 1440 
1300 1350 
440 520 
320 960 
1340 1370 
1140 1240 
1140 1160 
1370 1440 
330 1220 
110 1320 
100 940 
780 950 
720 860 
460 510 
990 1080 
1190 1220 
40 590 
1360 1400 
710 1370 
1370 1400 
90 430 
250 1070 
610 690 
220 230 
140 860 
1290 1390 
250 410 
800 1390 
860 1170 
1310 1320 
1370 1430 
1180 1360 
670 690 
940 960 
1090 1260 
1100 1250 
50 1290 
690 990 
1250 1360 
290 980 
160 640 
1100 1370 
670 1240 
1130 1290 
1410 1420 
500 1020 
1390 1410 
1250 1340 
880 1100 
40 1440 
1000 1180 
1340 1440 
840 890 
160 1250 
80 1160 
930 1140 
160 1290 
170 260 
710 1170 
130 1410 
1150 1440 
560 1190 
870 1280 
1020 1040 
950 1420 
760 920 
1330 1400 
590 1040 
490 730 
470 990 
1270 1430 
1030 1260 
950 1300 
650 710 
160 1060 
1400 1430 
610 1140 
100 690 
340 590 
800 1040 
990 1070 
380 520 
1080 1210 
600 760 
1280 1340 
660 970 
300 350 
380 430 
930 1100 
840 1060 
150 750 
370 420 
980 1350 
560 950 
360 1200 
670 1080 
990 1160 
1080 1190 
510 980 
980 1290 
1320 1430 
560 1400 
190 1010 
1250 1360 
40 440 
1010 1320 
370 1290 
290 940 
1020 1240 
1220 1260 
530 980 
930 1200 
680 1370 
1000 1400 
1290 1430 
1100 1380 
1430 1440 
170 590 
570 990 
500 650 
670 860 
480 560 
570 1060 
330 1330 
1290 1340 
360 760 
290 1400 
250 1240 
90 1310 
1110 1340 
150 600 
640 960 
910 980 
190 760 
50 840 
730 1020 
110 560 
60 1250 
660 1280 
750 1020 
680 730 
470 740 
450 760 
180 1160 
970 1380 
1180 1360 
160 850 
730 1250 
760 860 
1330 1380 
650 1230 
850 1030 
910 1220 
400 480 
790 1230 
1390 1430 
230 450 
390 1310 
1400 1440 
1430 1440 
50 890 
1010 1180 
130 430 
990 1180 
1250 1390 
1410 1440 
690 1190 
240 970 
860 1110 
630 1090 
330 1410 
1340 1390 
300 1040 
380 450 
1250 1350 
220 1290 
1200 1260 
40 1350 
620 690 
1170 1190 
960 1140 
220 1200 
1170 1230 
1130 1410 
1020 1200 
1220 1350 
150 680 
1160 1320 
1060 1210 
160 1280 
800 1330 
1330 1420 
1410 1440 
90 510 
900 1070 
1020 1170 
250 1430 
140 690 
1270 1310 
110 280 
540 1140 
960 1140 
1000 1020 
990 1330 
360 1310 
310 860 
1140 1200 
70 520 
880 1170 
840 950 
1100 1170 
190 540 
940 1260 
750 1390 
410 760 
110 840 
170 700 
620 810 
620 1410 
630 1130 
580 1170 
720 1240 
1230 1410 
780 920 
150 1240 
540 830 
680 870 
230 840 
440 970 
1350 1370 
380 1130 
1060 1160 
830 1160 
130 900 
550 950 
1050 1210 
1020 1430 
1310 1340 
1000 1220 
560 1230 
800 940 
230 1360 
970 1010 
660 810 
1370 1380 
540 990 
750 1130 
740 1100 
920 1180 
450 1410 
1090 1350 
230 1000 
890 1370 
160 940 
630 1410 
1310 1380 
340 1170 
1410 1430 
1010 1160 
920 1080 
1370 1420 
380 1440 
1350 1370 
730 1140 
1170 1390 
1090 1140 
30 1350 
970 1200 
1210 1360 
630 1440 
420 710 
510 880 
1290 1310 
1020 1170 
120 1300 
1310 1430 
560 950 
1420 1430 
680 1350 
1000 1160 
200 990 
40 1390 
1250 1360 
240 750 
960 1160 
510 970 
410 850 
700 1090 
910 1280 
1240 1350 
590 970 
1160 1440 
1330 1430 
850 1320 
1160 1430 
160 1100 
450 500 
470 740 
90 1360 
1380 1440 
340 1020 
230 800 
170 640 
580 1410 
1180 1420 
1310 1440 
120 1080 
200 540 
190 1320 
1390 1430 
360 610 
1100 1240 
740 790 
550 850 
1090 1360 
670 1240 
950 1030 
1400 1430 
410 1100 
950 1440 
980 1260 
1010 1260 
1360 1380 
180 1420 
140 1170 
750 840 
910 930 
1160 1250 
540 870 
890 1260 
900 1250 
430 1000 
1100 1230 
1070 1350 
50 760 
890 1030 
440 1140 
1310 1410 
1430 1440 
1190 1300 
110 940 
720 940 
1220 1300 
280 620 
1110 1390 
1180 1410 
1220 1400 
650 1070 
630 1220 
770 1330 
460 650 
50 460 
330 670 
320 890 
670 1090 
170 900 
1190 1330 
740 1400 
250 590 
600 660 
450 1230 
150 340 
470 690 
1370 1390 
320 590 
790 1440 
1230 1290 
280 1320 
880 910 
680 1270 
400 780 
450 660 
300 330 
500 620 
490 750 
570 1420 
310 1400 
930 1210 
1150 1310 
20 1160 
1410 1420 
1250 1410 
1230 1320 
700 1310 
760 1340 
790 830 
1310 1420 
1340 1420 
1080 1130 
440 580 
1410 1440 
1310 1360 
630 1150 
750 860 
380 720 
400 420 
980 1080 
430 950 
170 1240 
1280 1400 
1260 1380 
580 1280 
810 980 
590 1290 
1210 1370 
1420 1440 
910 1050 
960 1250 
80 630 
1280 1320 
290 1290 
1290 1390 
1300 1440 
1050 1190 
160 380 
920 1360 
600 830 
370 550 
50 630 
1190 1310 
730 1420 
1090 1170 
540 620 
800 1000 
30 1090 
160 1320 
1400 1420 
290 750 
630 1220 
790 860 
770 880 
530 860 
880 1070 
1000 1260 
290 1140 
810 1270 
220 430 
510 1310 
200 830 
1300 1440 
1290 1370 
720 1130 
900 1010 
760 950 
910 1050 
530 1110 
630 1410 
1290 1370 
750 1150 
1320 1400 
1190 1280 
1020 1290 
880 1360 
10 940 
1020 1270 
1200 1420 
140 300 
930 1220 
870 1290 
440 930 
1150 1290 
1050 1130 
1100 1110 
620 1320 
260 470 
30 1210 
610 1370 
1340 1400 
570 1220 
1190 1210 
460 570 
380 750 
1050 1340 
330 430 
620 1370 
850 1330 
30 820 
60 330 
520 990 
200 420 
980 1120 
1360 1440 
890 1220 
1290 1440 
1220 1230 
630 1150 
510 890 
300 1150 
1400 1410 
270 1340 
990 1420 
140 390 
1160 1180 
1170 1320 
560 1440 
920 1360 
1130 1370 
600 1400 
270 1030 
660 1150 
120 750 
680 710 
620 1200 
150 1440 
1070 1230 
1060 1180 
250 980 
720 800 
1350 1410 
440 670 
10 160 
1410 1430 
1100 1260 
920 1070 
210 910 
1410 1420 
1070 1440 
540 1370 
830 840 
170 1380 
1310 1340 
990 1340 
820 1010 
500 1270 
980 1250 
1200 1410 
1100 1410 
620 760 
150 740 
210 1260 
440 1260 
620 980 
140 390 
1390 1410 
890 1070 
230 640 
1330 1370 
1110 1280 
700 810 
1020 1080 
1140 1280 
1110 1230 
960 1390 
720 820 
670 1050 
1360 1410 
690 900 
110 360 
1170 1210 
1090 1150 
890 1160 
1410 1430 
1110 1260 
80 960 
340 890 
1040 1320 
870 1270 
1210 1370 
620 830 
470 1430 
1070 1360 
470 490 
300 1200 
510 1150 
350 1350 
30 210 
290 590 
1420 1440 
820 1050 
1290 1360 
970 1340 
570 700 
1000 1200 
1140 1170 
1170 1330 
910 1200 
960 1020 
1220 1260 
820 980 
140 1260 
720 1090 
620 1310 
530 1250 
590 1430 
60 1440 
1020 1380 
640 1420 
1420 1440 
1410 1440 
280 1020 
880 1020 
1010 1170 
10 220 
410 750 
1200 1350 
1320 1440 
200 720 
420 590 
670 940 
1160 1280 
130 930 
1120 1200 
240 610 
540 750 
1140 1320 
1270 1410 
50 110 
500 820 
1160 1270 
680 850 
370 600 
440 1350 
1390 1430 
1050 1250 
700 1360 
290 1280 
1030 1130 
530 1110 
280 380 
220 1060 
800 1360 
250 500 
1050 1410 
520 750 
600 1430 
290 1110 
930 1270 
900 1410 
690 1190 
1380 1430 
460 1390 
190 280 
240 570 
460 940 
670 840 
310 1080 
1050 1370 
230 690 
560 1000 
900 1230 
1210 1220 
470 1390 
380 680 
920 1380 
160 1100 
230 240 
1030 1340 
840 1110 
1120 1260 
860 1200 
160 850 
1220 1420 
460 580 
570 670 
1280 1440 
590 1130 
220 1230 
30 1440 
920 1180 
1010 1080 
620 720 
120 1280 
820 1160 
700 720 
1140 1290 
1160 1250 
570 750 
1150 1200 
540 960 
880 1440 
1290 1410 
950 1220 
1140 1200 
1280 1410 
290 760 
1180 1420 
1020 1340 
1150 1240 
1420 1440 
130 1420 
1070 1430 
390 1200 
80 520 
100 520 
1110 1400 
550 1110 
530 770 
1350 1440 
370 870 
30 340 
770 1220 
990 1350 
1080 1120 
270 990 
90 420 
1010 1160 
950 1270 
530 1430 
580 1140 
1000 1260 
1240 1250 
560 880 
780 1280 
940 1290 
140 1190 
760 1320 
50 1360 
300 650 
530 1250 
90 400 
190 1130 
1240 1300 
20 80 
1280 1420 
1160 1230 
330 630 
470 1150 
180 1400 
1110 1340 
1300 1420 
750 770 
1400 1430 
180 640 
1190 1270 
100 860 
680 1150 
910 1220 
950 1240 
170 1140 
80 500 
110 660 
310 1370 
1200 1410 
20 1320 
1350 1410 
230 1360 
150 1390 
1410 1420 
160 810 
1000 1390 
1160 1410 
1360 1370 
1140 1190 
40 660 
610 980 
490 830 
810 1420 
660 860 
1390 1430 
820 1330 
1170 1270 
260 940 
940 1240 
80 250 
1120 1170 
1210 1320 
650 800 
1160 1320 
180 920 
890 1130 
260 1420 
450 990 
1320 1420 
850 1090 
280 730 
1170 1350 
70 180 
930 1120 
300 1360 
950 1440 
1340 1380 
810 1300 
1400 1420 
810 1350 
1190 1360 
20 440 
90 580 
630 920 
750 1050 
1080 1200 
660 1130 
760 1180 
1230 1240 
1300 1430 
490 540 
1420 1430 
940 1110 
90 1150 
690 1160 
20 1050 
1230 1440 
60 750 
330 840 
290 840 
50 680 
280 540 
1310 1360 
950 960 
740 1070 
480 740 
1130 1430 
110 1020 
240 1420 
120 690 
930 1120 
340 1030 
780 1120 
1090 1150 
700 1420 
850 1330 
580 840 
380 520 
810 1260 
1250 1400 
410 1190 
720 890 
370 770 
1040 1060 
640 850 
50 800 
240 400 
600 740 
1190 1410 
1140 1260 
1110 1380 
10 370 
1100 1260 
100 1330 
660 1430 
720 1120 
1250 1320 
310 350 
1060 1180 
1270 1380 
1060 1420 
1130 1290 
1020 1230 
410 1360 
400 810 
100 480 
970 1010 
1090 1190 
230 680 
450 1350 
570 1400 
640 1140 
340 640 
940 980 
110 1080 
1180 1310 
190 710 
1090 1210 
600 1240 
310 940 
340 350 
90 460 
1170 1400 
880 1410 
330 950 
420 1330 
1290 1300 
170 490 
160 740 
20 210 
1410 1420 
470 1390 
400 440 
890 1110 
540 1060 
1100 1160 
620 1150 
210 350 
1170 1200 
410 1190 
330 1300 
720 1230 
630 1170 
980 1170 
1300 1360 
570 900 
110 1070 
180 1010 
1020 1200 
1160 1350 
250 320 
760 1230 
470 1370 
870 1160 
910 1040 
200 530 
410 700 
1000 1330 
300 480 
370 1430 
710 1260 
740 1330 
750 1180 
500 590 
120 1430 
1140 1190 
690 980 
1260 1400 
1120 1270 
970 980 
640 1280 
400 480 
720 820 
780 940 
1300 1390 
740 1380 
40 420 
820 1210 
860 1350 
1000 1270 
1140 1250 
1030 1050 
930 1020 
1230 1360 
650 960 
780 930 
1090 1370 
1140 1360 
920 1000 
840 1020 
120 370 
1380 1420 
130 1300 
200 380 
970 990 
1070 1250 
250 1380 
350 1430 
1410 1430 
360 570 
1320 1440 
100 1440 
180 1070 
10 50 
450 760 
1240 1370 
460 530 
880 1370 
30 760 
1320 1360 
810 950 
1220 1310 
1260 1440 
1160 1250 
60 1100 
840 1200 
210 450 
660 1080 
280 680 
1170 1210 
660 940 
470 580 
140 650 
490 1090 
1130 1340 
1300 1310 
70 180 
460 930 
440 760 
580 810 
850 930 
1340 1440 
760 910 
1410 1440 
1330 1440 
600 1410 
170 370 
1320 1400 
570 1220 
250 320 
10 590 
20 490 
160 440 
1330 1350 
860 1100 
990 1070 
140 730 
600 1250 
160 600 
990 1140 
1230 1360 
1200 1280 
240 900 
970 1440 
810 1130 
940 1370 
1340 1390 
1270 1310 
860 1260 
400 1220 
1110 1180 
300 990 
1310 1360 
1190 1220 
1220 1270 
220 780 
250 1210 
760 850 
350 1030 
30 60 
360 1080 
630 1080 
920 1140 
540 1310 
1170 1340 
420 630 
140 310 
960 1070 
180 630 
20 580 
80 510 
530 1180 
300 1310 
1000 1420 
1180 1310 
820 1330 
400 550 
10 470 
450 1400 
480 760 
760 1390 
610 1060 
700 1260 
1160 1170 
510 920 
140 1340 
690 1020 
590 800 
760 810 
970 1140 
70 910 
530 900 
230 1430 
1260 1350 
1400 1420 
1380 1430 
560 1340 
110 960 
110 1140 
1360 1390 
500 1400 
860 1300 
390 1260 
1110 1400 
1220 1380 
10 750 
420 1220 
660 1140 
1250 1320 
130 710 
1310 1420 
1080 1350 
720 730 
970 1250 
730 1420 
1070 1120 
510 1440 
820 970 
490 820 
870 1050 
1180 1300 
730 1020 
200 1430 
350 1260 
390 720 
320 1410 
460 600 
780 1440 
10 340 
1410 1440 
350 1350 
1280 1290 
1190 1230 
1120 1430 
890 1140 
1060 1170 
620 1000 
370 440 
910 1220 
130 680 
520 680 
880 1090 
640 840 
1330 1350 
1090 1230 
400 890 
1170 1380 
930 1210 
20 1290 
660 760 
490 550 
250 460 
180 580 
150 480 
1090 1310 
1280 1380 
670 830 
340 1060 
670 1340 
860 1160 
440 610 
150 300 
30 260 
600 1050 
1240 1310 
1430 1440 
430 860 
680 1190 
370 950 
1220 1260 
720 850 
1420 1440 
1380 1400 
330 730 
1130 1310 
240 410 
1140 1300 
350 420 
240 770 
170 770 
1420 1430 
1200 1320 
860 1140 
490 680 
1170 1340 
860 1100 
1170 1230 
660 1330 
370 1330 
1050 1120 
920 1360 
670 720 
310 500 
230 1020 
40 220 
870 1280 
1210 1400 
30 1380 
1190 1220 
510 770 
380 470 
600 1100 
300 510 
100 1350 
860 910 
250 530 
510 920 
610 1130 
1170 1260 
540 550 
630 930 
1380 1390 
980 1200 
440 1140 
510 820 
1190 1280 
1180 1360 
980 1400 
1230 1430 
290 1390 
1370 1440 
680 1150 
50 510 
1190 1300 
850 1090 
880 1130 
950 1270 
540 1360 
1050 1370 
1260 1290 
330 470 
350 590 
630 1310 
880 1250 
1170 1320 
1050 1150 
1420 1430 
890 1080 
490 780 
1030 1150 
1250 1440 
760 1440 
220 610 
540 1410 
600 1060 
740 1330 
860 1110 
250 310 
1400 1430 
190 250 
1050 1380 
670 970 
460 690 
970 1230 
230 830 
30 930 
1060 1410 
1010 1360 
340 800 
1290 1420 
1200 1270 
40 1070 
810 1180 
630 1110 
290 540 
720 1130 
900 1250 
800 880 
510 980 
570 1320 
650 1280 
490 1040 
1190 1300 
780 1210 
980 1020 
1170 1430 
620 1190 
1080 1090 
870 1440 
270 1090 
160 460 
1030 1400 
430 890 
390 650 
430 620 
1110 1420 
1030 1150 
1400 1440 
450 620 
410 1370 
1190 1250 
130 500 
730 1100 
160 680 
1080 1200 
50 610 
1390 1430 
310 660 
170 1150 
1390 1410 
1270 1300 
420 610 
280 760 
930 1440 
1110 1390 
1260 1280 
450 1300 
550 1410 
790 910 
230 1110 
1270 1320 
690 1190 
450 1160 
140 1280 
1360 1440 
1170 1320 
60 1160 
90 490 
810 960 
310 360 
1060 1320 
1270 1360 
310 850 
980 1310 
760 1270 
1100 1330 
1070 1340 
1070 1360 
350 1100 
1280 1420 
700 740 
1340 1370 
690 1320 
1340 1350 
440 840 
660 900 
1330 1440 
600 1160 
150 1360 
650 1440 
1310 1360 
660 1420 
360 910 
870 910 
780 1000 
1130 1320 
1210 1280 
120 860 
1230 1400 
1310 1380 
1110 1220 
920 940 
100 350 
420 1180 
760 1270 
350 510 
150 1350 
410 1240 
160 970 
470 1420 
660 1250 
1010 1100 
770 1420 
590 970 
680 820 
850 1030 
100 550 
1370 1410 
1290 1380 
890 1010 
350 670 
1410 1420 
650 1380 
1120 1430 
10 40 
1360 1410 
1060 1220 
900 1080 
50 770 
1370 1390 
1350 1380 
1390 1440 
100 1330 
250 1010 
480 770 
1120 1400 
610 690 
140 930 
650 700 
1350 1410 
280 320 
780 1180 
750 880 
200 1020 
690 1010 
900 1340 
390 1290 
420 650 
370 660 
630 730 
200 1370 
50 590 
1410 1440 
620 960 
650 1250 
910 1020 
700 990 
630 750 
250 760 
1350 1420 
320 970 
700 1320 
760 1000 
400 990 
420 730 
1320 1370 
660 1060 
1050 1140 
900 1280 
1390 1430 
970 1000 
240 550 
970 1050 
1050 1380 
630 1020 
1340 1370 
210 280 
460 830 
1080 1360 
1420 1430 
90 680 
240 530 
1300 1440 
680 1340 
70 1440 
330 1340 
300 930 
300 870 
70 1210 
510 780 
800 1400 
1110 1360 
670 1000 
710 1080 
210 920 
1400 1430 
960 1380 
1120 1200 
240 510 
1280 1310 
1400 1430 
100 190 
200 1280 
760 990 
1180 1200 
640 1390 
220 800 
660 1390 
690 1270 
560 910 
610 990 
860 1220 
350 1060 
570 1180 
1030 1270 
1010 1420 
1010 1090 
440 1390 
300 1270 
990 1280 
1240 1340 
270 520 
1110 1390 
100 810 
1250 1430 
1210 1360 
430 890 
770 1190 
1210 1430 
760 950 
1410 1440 
200 1300 
570 640 
1050 1140 
1170 1190 
1190 1330 
900 940 
760 1070 
820 1400 
210 1350 
380 910 
560 740 
300 340 
1070 1370 
330 1270 
980 1410 
820 990 
540 1400 
1240 1260 
1150 1420 
990 1010 
210 300 
660 1140 
670 1430 
1330 1420 
1350 1370 
820 1270 
470 740 
270 950 
1350 1360 
1000 1370 
590 1000 
1320 1330 
950 1370 
1090 1410 
1140 1260 
1310 1330 
870 1130 
320 640 
1370 1400 
90 1030 
920 1140 
470 800 
320 340 
1280 1300 
1040 1360 
500 1320 
1220 1250 
1330 1380 
80 610 
280 500 
1380 1390 
220 600 
370 710 
870 900 
920 1340 
900 1170 
1150 1250 
580 1020 
1040 1180 
20 730 
730 1170 
1070 1410 
120 450 
960 1440 
850 1210 
1300 1350 
1080 1170 
1340 1420 
770 800 
280 600 
20 900 
1360 1440 
220 810 
1420 1440 
1420 1430 
610 710 
700 1030 
1220 1400 
1000 1130 
370 1140 
1280 1330 
770 830 
70 950 
650 1080 
1370 1390 
160 310 
280 580 
260 700 
350 530 
550 1270 
450 1250 
830 890 
320 1010 
1160 1440 
860 1320 
390 670 
1140 1240 
1310 1440 
920 1340 
610 660 
880 980 
1170 1340 
230 1050 
540 1420 
1370 1430 
560 730 
350 1290 
910 1400 
440 1210 
220 1170 
1150 1280 
490 1100 
130 1040 
1160 1430 
690 840 
200 460 
730 1310 
870 1320 
880 1320 
280 290 
1150 1190 
850 880 
60 130 
1050 1230 
880 1210 
460 1110 
790 1250 
1020 1280 
50 500 
1030 1230 
450 1380 
90 950 
350 680 
290 640 
560 930 
1140 1190 
750 920 
380 610 
1230 1260 
150 590 
1150 1410 
70 800 
350 970 
1130 1200 
490 740 
580 1290 
580 590 
1160 1370 
410 480 
1040 1180 
770 890 
1270 1290 
1250 1260 
560 570 
620 1020 
120 280 
320 690 
150 670 
1330 1360 
1180 1340 
700 1170 
1110 1300 
690 750 
1120 1330 
440 620 
620 800 
1360 1420 
1110 1200 
530 1320 
290 690 
960 1120 
670 1060 
120 780 
800 1190 
1010 1420 
270 1200 
950 1230 
70 670 
700 1020 
770 1250 
420 610 
250 1270 
470 690 
880 1350 
230 980 
750 850 
990 1230 
310 1040 
1370 1430 
1380 1400 
320 1160 
1280 1380 
450 690 
1410 1430 
740 900 
90 890 
500 640 
950 1170 
420 510 
550 720 
690 900 
750 800 
120 1140 
540 850 
1170 1400 
340 630 
610 970 
890 1150 
1130 1290 
310 1150 
640 1000 
410 1430 
630 970 
1350 1370 
750 1160 
340 1040 
970 1210 
1090 1300 
430 830 
1110 1380 
190 940 
1430 1440 
1350 1430 
610 1090 
570 1310 
510 980 
1200 1210 
250 480 
1410 1430 
840 890 
400 660 
350 630 
340 1150 
1120 1150 
510 1440 
330 1410 
660 800 
540 1090 
470 1280 
170 1150 
920 1010 
540 1160 
460 1310 
880 1190 
690 980 
390 520 
930 1320 
250 1250 
480 780 
820 1260 
130 980 
710 1160 
290 910 
1260 1350 
1220 1330 
1380 1440 
900 1330 
980 1180 
1020 1390 
1180 1280 
310 850 
80 650 
310 1410 
760 1330 
360 930 
80 170 
1410 1420 
1120 1140 
720 1180 
150 1270 
770 1360 
1090 1210 
1030 1250 
300 320 
110 620 
520 960 
70 150 
730 1070 
820 1140 
860 1270 
680 700 
270 1060 
1330 1380 
430 790 
30 400 
1230 1390 
1220 1380 
530 660 
1320 1330 
820 1220 
80 380 
650 910 
1050 1060 
680 890 
240 480 
460 1130 
990 1430 
1070 1280 
710 980 
470 1430 
610 650 
70 680 
1240 1420 
1190 1260 
10 820 
1220 1260 
550 1290 
470 1390 
960 1160 
570 640 
1190 1360 
1080 1420 
260 740 
300 1360 
1110 1240 
1320 1430 
470 900 
1230 1340 
30 390 
1090 1210 
950 1400 
530 840 
140 740 
1100 1350 
220 1000 
350 1330 
870 1000 
930 1360 
1270 1290 
1330 1420 
1050 1090 
1320 1350 
500 960 
800 1320 
100 250 
650 1220 
1320 1370 
450 1250 
1110 1310 
50 550 
1230 1270 
1410 1440 
850 1010 
280 500 
1110 1420 
1270 1290 
370 580 
110 980 
500 1090 
600 940 
1320 1340 
100 1340 
750 790 
610 1100 
1010 1020 
1290 1440 
570 1120 
240 810 
1400 1430 
1340 1350 
1130 1260 
500 1330 
480 850 
130 200 
1310 1420 
610 1410 
990 1110 
70 820 
1360 1370 
1290 1410 
1420 1430 
960 1350 
540 670 
160 940 
320 980 
70 1170 
310 1150 
960 1030 
780 1390 
400 560 
200 730 
1260 1410 
740 1230 
10 1230 
60 1090 
1130 1300 
900 990 
140 460 
900 1170 
780 1270 
10 550 
720 860 
1070 1280 
1390 1430 
560 710 
1340 1360 
70 280 
10 550 
510 1260 
210 1280 
580 1020 
460 600 
910 1380 
1080 1430 
1000 1400 
290 880 
1150 1370 
1040 1400 
1240 1320 
440 1020 
1330 1360 
610 820 
1030 1280 
230 510 
260 450 
940 1340 
1350 1360 
830 880 
710 1230 
1130 1170 
1060 1210 
580 870 
1330 1390 
960 1380 
1150 1330 
310 1420 
1400 1440 
1200 1260 
560 890 
1290 1360 
1180 1190 
1200 1230 
450 1310 
410 590 
100 740 
200 840 
70 470 
270 1260 
510 1150 
1430 1440 
560 950 
420 1410 
890 940 
300 430 
860 900 
260 650 
1190 1210 
1000 1300 
840 1080 
240 520 
250 1030 
230 1350 
800 1310 
850 1160 
620 670 
130 1210 
770 950 
240 500 
430 590 
1030 1300 
1140 1300 
1280 1360 
920 1200 
1180 1260 
630 1040 
730 1410 
890 1300 
550 880 
490 850 
770 1330 
50 270 
920 1050 
640 680 
490 770 
260 680 
1100 1350 
370 990 
480 710 
710 1420 
110 700 
320 1240 
1060 1210 
1250 1390 
870 1310 
440 780 
1230 1310 
1020 1340 
230 880 
70 150 
1430 1440 
920 1030 
630 1130 
320 1390 
1040 1050 
1410 1420 
450 560 
800 1370 
300 1130 
1280 1410 
370 1180 
1430 1440 
920 1010 
880 1370 
260 490 
1170 1200 
490 1410 
970 1280 
1100 1330 
90 950 
1180 1200 
380 1250 
250 260 
710 720 
910 1070 
140 690 
370 1020 
1360 1390 
700 1340 
700 1270 
1140 1350 
1160 1300 
50 270 
690 1090 
1210 1330 
140 380 
190 1070 
1410 1430 
610 1190 
580 1410 
1060 1140 
930 1380 
790 1190 
1240 1350 
890 940 
260 1430 
310 1340 
1360 1380 
1030 1140 
820 1160 
520 900 
1400 1430 
990 1310 
550 730 
160 1140 
1230 1370 
1020 1360 
860 1110 
1420 1440 
770 1300 
70 1420 
10 1370 
710 1040 
600 1440 
100 600 
1250 1340 
800 1270 
1360 1390 
380 1410 
550 1180 
430 1320 
1170 1430 
410 1000 
780 1290 
860 1300 
240 1010 
1270 1310 
920 1330 
250 600 
60 530 
660 1310 
1250 1360 
890 1170 
960 1370 
430 480 
40 1040 
480 1410 
840 1200 
1390 1410 
1330 1370 
500 710 
430 740 
1320 1400 
590 1050 
210 720 
1430 1440 
240 1400 
700 1140 
330 1210 
240 560 
900 1070 
170 1050 
1340 1410 
1010 1080 
1180 1190 
1000 1310 
1270 1400 
330 600 
1130 1160 
590 880 
690 860 
350 970 
1400 1420 
670 1100 
420 1400 
1430 1440 
220 700 
1360 1390 
970 1130 
710 1110 
880 1060 
1100 1350 
960 1010 
270 1200 
1400 1440 
430 680 
1420 1430 
210 1350 
850 1430 
980 1120 
780 1210 
920 1000 
380 770 
1080 1290 
1080 1100 
1070 1180 
900 1240 
880 1090 
700 790 
690 800 
550 620 
190 1300 
660 750 
970 1280 
280 520 
880 1200 
130 260 
630 930 
1380 1400 
310 700 
800 1370 
930 1280 
440 560 
790 1400 
20 1380 
510 570 
390 1170 
210 1440 
420 740 
470 1350 
900 1210 
370 1030 
1350 1410 
600 750 
350 1420 
780 1220 
1320 1330 
180 910 
30 490 
1210 1330 
180 1010 
1010 1040 
300 530 
550 1110 
510 610 
820 1330 
970 1200 
1020 1440 
1050 1370 
340 1300 
650 760 
1190 1410 
900 950 
1330 1440 
480 1120 
1070 1110 
530 1290 
990 1340 
710 1440 
30 720 
520 660 
520 1090 
700 1220 
980 990 
510 560 
280 290 
740 1290 
520 700 
930 1280 
1250 1420 
1130 1370 
570 1330 
400 540 
1270 1280 
1390 1410 
1240 1280 
1090 1150 
1160 1340 
640 1110 
1100 1180 
830 1240 
1110 1370 
740 1090 
710 1420 
1300 1440 
350 1160 
420 870 
1410 1440 
1420 1440 
560 1020 
570 1150 
520 1100 
1290 1320 
400 1240 
1230 1250 
20 310 
70 520 
1090 1300 
390 440 
1070 1200 
1380 1390 
860 1390 
330 1180 
1340 1420 
520 750 
90 740 
840 870 
1150 1380 
340 820 
1330 1400 
1050 1240 
580 1440 
490 1280 
1170 1220 
80 1270 
600 1420 
550 1050 
960 1370 
1070 1250 
670 880 
110 390 
340 1360 
260 1390 
1210 1410 
1040 1220 
390 800 
150 1100 
380 1200 
640 1320 
220 590 
100 1040 
1430 1440 
1180 1410 
1030 1110 
390 510 
1120 1220 
520 800 
970 1030 
590 770 
810 1080 
900 1210 
200 290 
70 1390 
450 750 
790 840 
740 1280 
1180 1420 
320 410 
1100 1180 
280 970 
1030 1420 
80 890 
120 470 
700 1380 
330 790 
1390 1420 
280 1280 
640 1160 
640 1290 
1240 1330 
390 1080 
910 1060 
1020 1110 
270 490 
260 590 
540 1080 
610 980 
190 300 
970 1260 
220 860 
1030 1310 
130 500 
310 1420 
520 1000 
840 900 
890 1180 
660 860 
1170 1430 
60 240 
80 1440 
960 980 
80 860 
1020 1070 
1320 1330 
640 1190 
720 980 
670 1070 
1220 1360 
710 860 
350 1360 
1140 1270 
10 720 
700 1220 
1160 1250 
900 1180 
1080 1430 
680 990 
540 1040 
970 1110 
250 1180 
400 800 
810 1220 
1030 1220 
950 1210 
1020 1430 
620 770 
930 1180 
470 850 
710 990 
1150 1380 
560 1360 
750 1220 
1090 1150 
1060 1110 
770 1400 
1350 1440 
320 440 
840 1390 
1270 1320 
280 1320 
1380 1440 
390 680 
160 550 
250 530 
580 750 
420 910 
480 1200 
1430 1440 
990 1200 
620 710 
370 1220 
310 1100 
190 250 
290 1400 
1040 1100 
750 1370 
250 450 
270 1370 
80 310 
290 1300 
1290 1360 
530 1160 
280 1210 
430 1010 
190 610 
10 1000 
120 940 
180 1290 
1060 1220 
1050 1370 
720 1100 
940 1380 
200 1120 
170 1400 
870 1140 
360 1090 
1130 1430 
200 950 
930 1420 
850 1080 
530 1280 
980 1240 
580 810 
560 1090 
1350 1360 
230 1280 
1110 1320 
240 1210 
470 570 
1260 1280 
190 920 
990 1140 
1230 1340 
1250 1380 
140 210 
1060 1390 
1230 1410 
40 1080 
620 900 
140 190 
150 960 
1400 1430 
1130 1370 
780 1250 
600 1250 
1280 1340 
260 1250 
1320 1440 
940 1040 
660 770 
690 930 
1160 1370 
1110 1230 
590 1130 
10 900 
80 220 
460 1430 
940 980 
1170 1440 
620 1270 
280 580 
110 1130 
810 1010 
1340 1430 
1420 1430 
730 960 
1090 1150 
1260 1390 
770 1210 
1060 1110 
460 1210 
1010 1150 
670 940 
1010 1290 
660 1260 
1270 1360 
300 390 
220 1360 
180 240 
1290 1400 
1220 1410 
1190 1290 
390 1010 
790 990 
620 1180 
800 1020 
1340 1400 
970 1170 
980 1330 
1240 1380 
1110 1120 
1190 1280 
570 890 
470 1080 
720 760 
1120 1330 
690 840 
270 1390 
270 1080 
410 1430 
150 470 
840 1220 
1270 1380 
490 700 
610 1100 
920 1200 
1130 1260 
1260 1380 
160 190 
500 1150 
160 590 
610 890 
760 1210 
520 1320 
1310 1400 
390 630 
790 1390 
710 1170 
150 1300 
1020 1440 
530 1390 
560 1310 
510 980 
100 120 
1330 1350 
80 1140 
480 770 
800 870 
1320 1330 
70 500 
780 790 
90 260 
760 1050 
920 1270 
1240 1380 
1300 1420 
900 1320 
970 1280 
510 620 
200 1040 
1250 1360 
930 1270 
590 960 
1090 1100 
560 1000 
810 1320 
1340 1430 
640 980 
780 1390 
440 650 
1390 1440 
1190 1430 
1380 1440 
1380 1430 
380 1270 
260 1080 
560 1320 
260 1410 
450 880 
990 1290 
390 1000 
1100 1190 
1420 1430 
1010 1020 
1310 1370 
400 1200 
660 840 
1090 1400 
520 1340 
450 810 
190 280 
70 1420 
380 510 
1060 1270 
910 1360 
1220 1380 
80 1240 
940 1290 
790 900 
620 1380 
730 780 
550 1270 
1190 1340 
410 930 
900 1250 
1030 1380 
140 530 
100 320 
890 1400 
260 1280 
800 1340 
1070 1180 
1010 1070 
130 810 
1430 1440 
60 350 
1390 1440 
60 110 
610 650 
1230 1370 
560 860 
790 1070 
950 970 
340 1380 
1200 1330 
480 560 
1420 1430 
10 480 
180 1080 
690 790 
300 730 
1420 1440 
1040 1140 
1240 1360 
210 710 
790 1290 
860 1350 
1060 1090 
1160 1180 
690 1140 
1270 1350 
620 980 
780 1310 
370 1330 
1040 1330 
420 1040 
150 420 
120 440 
660 780 
1040 1060 
970 1210 
500 780 
90 270 
1030 1070 
630 1170 
1320 1380 
430 1250 
490 580 
710 1190 
1420 1430 
1410 1430 
430 1090 
880 1320 
1340 1410 
910 930 
1060 1210 
350 1310 
690 1360 
750 810 
20 140 
1360 1430 
360 410 
30 1130 
1090 1370 
810 1140 
480 580 
80 120 
900 1050 
40 150 
750 1110 
1120 1140 
630 1330 
1180 1310 
610 1350 
300 1320 
530 900 
770 1080 
1120 1290 
550 920 
1250 1350 
700 1060 
100 1290 
320 510 
210 780 
940 980 
1410 1440 
1290 1380 
1010 1140 
1380 1440 
30 1400 
620 1390 
620 1410 
560 1290 
180 660 
1410 1420 
1190 1330 
340 650 
1350 1440 
760 810 
1390 1430 
1410 1420 
830 940 
150 180 
730 1380 
1040 1050 
1370 1410 
130 300 
900 1310 
610 1070 
640 1040 
30 120 
300 440 
310 720 
1190 1350 
490 950 
420 1200 
1400 1430 
1420 1440 
1340 1370 
640 1050 
540 1280 
140 1000 
1280 1370 
440 1310 
1000 1180 
740 1210 
840 850 
850 1100 
1070 1420 
440 800 
190 230 
1250 1330 
870 1310 
80 850 
1040 1170 
740 1130 
900 1030 
1020 1430 
210 440 
1200 1400 
730 780 
90 630 
990 1000 
760 940 
740 1020 
20 1300 
370 870 
420 640 
410 1100 
810 1200 
500 770 
270 810 
10 1210 
890 1150 
660 1430 
1210 1340 
410 1440 
520 1110 
270 790 
1340 1430 
640 1240 
1250 1420 
820 1270 
310 560 
160 680 
1100 1410 
1040 1430 
160 1320 
1280 1330 
90 1350 
890 1000 
60 70 
590 870 
1160 1330 
430 1240 
270 530 
830 1000 
250 1040 
300 900 
170 750 
1010 1070 
870 1060 
1280 1350 
960 1360 
620 1000 
310 530 
640 710 
1220 1280 
520 1100 
560 930 
1210 1370 
300 470 
1090 1100 
980 1030 
1130 1150 
1430 1440 
1290 1310 
740 1180 
1020 1100 
110 400 
710 1360 
530 640 
1190 1370 
600 1100 
910 1290 
530 960 
980 1430 
360 1320 
170 1380 
510 660 
880 950 
50 240 
1390 1410 
1200 1290 
120 1150 
1320 1400 
1140 1280 
990 1010 
420 1360 
1160 1400 
1200 1430 
100 1050 
1090 1300 
1380 1390 
380 430 
940 1190 
410 450 
810 890 
1230 1280 
180 290 
570 590 
1340 1350 
610 1270 
1220 1320 
100 1030 
90 300 
650 1230 
330 720 
1200 1410 
680 1180 
1030 1180 
360 1440 
1050 1120 
730 1420 
650 1360 
770 850 
1380 1400 
1250 1380 
1020 1400 
290 360 
390 1090 
840 1410 
820 1200 
920 1290 
800 1200 
280 1140 
1030 1410 
1190 1270 
600 1060 
890 1070 
1220 1360 
1400 1420 
930 1020 
1240 1390 
490 1110 
1150 1410 
1050 1210 
1070 1280 
1240 1400 
520 1080 
1380 1410 
990 1260 
800 950 
760 1040 
650 1410 
330 1300 
600 1120 
730 1290 
430 860 
350 1260 
450 1280 
40 250 
800 1280 
1020 1190 
840 1350 
690 900 
110 610 
540 950 
980 990 
70 1190 
560 1120 
230 260 
150 490 
350 1210 
60 1280 
730 1090 
740 880 
810 1220 
1340 1350 
10 590 
1180 1330 
400 990 
1190 1400 
790 850 
1380 1430 
230 1400 
1280 1430 
550 920 
640 700 
330 850 
760 1330 
670 1050 
740 840 
90 480 
450 710 
320 480 
70 460 
940 1130 
610 1390 
630 740 
600 1060 
610 670 
990 1340 
90 1160 
1050 1360 
620 1150 
90 220 
1220 1290 
880 1400 
1010 1280 
40 1420 
640 1180 
540 610 
20 360 
1070 1120 
20 100 
230 1080 
30 1350 
980 1170 
180 330 
1380 1400 
590 1400 
290 710 
1400 1410 
730 1340 
550 960 
730 810 
160 310 
1170 1390 
390 1400 
60 1160 
620 1210 
720 1240 
130 460 
980 1150 
900 1380 
1140 1410 
1220 1360 
1230 1340 
1430 1440 
1410 1430 
960 1210 
1070 1440 
520 1420 
200 300 
1430 1440 
1030 1290 
970 1030 
1260 1350 
330 1420 
1030 1440 
300 790 
270 620 
640 1110 
1310 1440 
520 1390 
970 1060 
730 880 
630 1310 
460 780 
280 290 
610 620 
420 490 
460 820 
190 970 
520 610 
1000 1360 
230 300 
1410 1430 
590 780 
250 340 
860 890 
1180 1380 
180 330 
480 1130 
1160 1330 
1040 1440 
230 1000 
600 1260 
740 760 
250 260 
1240 1260 
1190 1400 
1030 1420 
940 1420 
640 1440 
1380 1410 
1380 1430 
1300 1310 
950 1240 
250 880 
1350 1390 
530 890 
920 1100 
360 530 
40 240 
60 280 
1310 1380 
370 790 
1400 1430 
850 1040 
540 1270 
360 1180 
1090 1120 
750 810 
90 1080 
270 1260 
240 1400 
740 1080 
1120 1370 
1210 1300 
650 780 
330 1310 
1070 1390 
1010 1240 
930 1130 
710 1300 
1120 1220 
580 890 
520 1030 
1220 1350 
1160 1210 
880 970 
460 1040 
1080 1300 
1190 1400 
1010 1410 
250 530 
1010 1200 
620 690 
1110 1240 
1090 1410 
200 240 
1380 1400 
350 540 
1340 1440 
1170 1200 
360 820 
1210 1270 
1140 1430 
860 940 
1290 1430 
490 570 
40 1150 
600 1240 
310 1110 
1070 1210 
700 1350 
270 350 
10 1310 
100 1170 
450 760 
1430 1440 
1430 1440 
10 630 
720 750 
1420 1440 
910 960 
1030 1120 
1150 1330 
620 1110 
770 1260 
120 560 
150 480 
780 1290 
980 1040 
200 890 
380 910 
470 930 
30 680 
850 1350 
50 460 
1120 1130 
110 880 
990 1250 
630 1390 
930 1180 
610 1220 
610 1100 
440 1440 
1290 1410 
560 650 
720 820 
190 400 
980 1320 
1050 1300 
700 1430 
170 1230 
1360 1440 
240 390 
1000 1110 
110 800 
1130 1270 
740 1220 
150 1140 
210 1260 
220 1230 
1140 1150 
860 1410 
690 1060 
1040 1270 
570 690 
220 970 
1010 1300 
1050 1270 
860 1310 
270 1140 
640 1160 
650 810 
1220 1390 
1020 1370 
790 1210 
1200 1290 
980 1040 
690 1000 
340 830 
110 830 
340 880 
1250 1380 
100 780 
870 1340 
1230 1310 
1100 1420 
1210 1260 
280 990 
660 1190 
1300 1430 
90 1410 
1010 1050 
1290 1420 
1120 1390 
880 1360 
520 720 
790 1050 
590 1050 
1070 1280 
690 1010 
800 1300 
180 1030 
560 750 
520 1440 
1210 1290 
610 1310 
830 920 
870 1320 
960 1140 
820 1410 
420 1230 
1020 1430 
430 1370 
940 1380 
830 1120 
680 980 
80 890 
1310 1340 
510 530 
240 1300 
1240 1300 
40 1010 
370 920 
1410 1420 
660 1160 
1130 1380 
160 1360 
100 850 
100 910 
140 350 
1260 1420 
480 580 
340 580 
70 1070 
200 1130 
1210 1330 
130 650 
1030 1390 
1150 1400 
1290 1370 
720 960 
1320 1440 
170 380 
160 450 
1240 1440 
770 1230 
1140 1240 
160 540 
1360 1390 
230 600 
330 410 
120 980 
1420 1430 
610 680 
450 1230 
850 1190 
340 1190 
400 780 
1200 1230 
70 1350 
960 1060 
490 1350 
150 1160 
1220 1270 
480 560 
730 1090 
880 1170 
330 1410 
430 950 
560 880 
730 1090 
450 950 
1230 1410 
420 920 
50 1050 
1320 1430 
170 410 
840 920 
1270 1340 
200 810 
1120 1410 
1230 1310 
780 1010 
1420 1440 
660 1130 
730 880 
920 1050 
940 1140 
1160 1350 
1300 1330 
1370 1380 
280 1380 
650 1090 
880 1420 
1210 1370 
290 580 
1150 1280 
1340 1360 
600 700 
670 1170 
890 920 
330 510 
650 1290 
300 1040 
400 1320 
1060 1350 
1280 1360 
1180 1240 
1020 1140 
1210 1260 
1150 1280 
380 440 
430 1440 
830 920 
1320 1380 
710 870 
1050 1120 
1290 1350 
1180 1230 
660 900 
590 700 
930 1040 
700 1240 
190 970 
1150 1310 
1380 1420 
10 120 
640 780 
990 1040 
580 840 
810 1080 
1260 1300 
140 910 
1180 1240 
1230 1430 
660 1060 
1060 1120 
320 690 
520 1140 
300 1060 
1190 1430 
270 1440 
980 1320 
710 1090 
400 690 
50 630 
590 760 
320 590 
970 1370 
1110 1440 
1160 1250 
150 1310 
210 260 
700 1220 
500 970 
1240 1260 
830 1250 
900 1220 
960 1300 
610 1380 
240 1250 
1210 1410 
580 1260 
150 590 
940 1060 
750 1110 
280 410 
460 1040 
640 1310 
1200 1270 
370 900 
1250 1290 
710 750 
50 850 
910 1020 
1030 1100 
720 1120 
290 1060 
530 850 
1080 1380 
600 640 
150 660 
750 1090 
1050 1100 
1230 1270 
140 600 
960 1160 
310 510 
1040 1280 
1070 1320 
690 810 
200 740 
1170 1340 
780 970 
470 500 
350 800 
990 1210 
1400 1440 
1080 1140 
600 910 
1360 1400 
1130 1350 
990 1070 
1210 1320 
1410 1420 
950 1430 
1290 1340 
500 1190 
1190 1280 
1240 1280 
1190 1200 
1250 1340 
50 690 
1350 1390 
1170 1260 
580 1200 
570 1150 
430 530 
1100 1420 
1410 1420 
1010 1110 
1010 1410 
1210 1280 
1010 1370 
780 1130 
190 210 
660 1440 
760 1150 
430 1190 
1280 1390 
390 780 
900 910 
530 1390 
660 1000 
860 1220 
870 1400 
330 840 
1260 1390 
1060 1120 
1020 1240 
480 570 
250 600 
1120 1200 
700 1200 
160 600 
830 840 
560 810 
30 1070 
230 1400 
1240 1310 
870 1240 
1190 1330 
270 600 
650 780 
570 1260 
1430 1440 
820 980 
960 1430 
180 480 
220 810 
560 1080 
1300 1350 
10 860 
1270 1300 
520 870 
1020 1220 
1140 1200 
790 980 
920 1390 
120 1070 
460 1330 
340 1150 
1010 1370 
50 480 
410 1040 
540 910 
660 1350 
680 950 
920 1360 
510 520 
570 1140 
760 880 
470 1230 
670 1050 
610 940 
1340 1350 
920 1100 
270 350 
910 950 
190 780 
100 740 
890 1270 
550 730 
920 1330 
410 720 
800 1190 
1000 1420 
1200 1340 
270 1260 
1220 1240 
1190 1340 
280 450 
1250 1400 
390 460 
980 1400 
540 1350 
330 1400 
960 1100 
1420 1440 
860 1440 
780 860 
90 870 
1430 1440 
390 660 
930 1110 
1080 1360 
800 1080 
1160 1370 
660 730 
700 720 
210 1320 
800 1300 
760 1280 
670 940 
680 1000 
380 430 
630 1120 
860 1410 
860 880 
120 170 
530 700 
880 980 
120 1000 
770 1310 
1250 1340 
850 970 
710 1240 
500 1030 
180 270 
1350 1440 
130 1200 
570 1290 
240 280 
650 830 
910 1160 
1060 1370 
210 480 
800 1400 
460 750 
1010 1030 
550 920 
1110 1240 
50 1350 
1060 1200 
1420 1440 
910 1090 
30 310 
270 1110 
1260 1330 
1170 1240 
1310 1360 
1020 1410 
1070 1190 
330 880 
1070 1410 
1380 1400 
160 1370 
1320 1410 
590 1280 
690 1440 
1040 1070 
960 1250 
1370 1420 
1070 1150 
1320 1410 
1190 1360 
1300 1420 
260 1430 
10 130 
750 760 
640 1300 
940 1320 
540 1060 
240 1090 
630 1000 
970 1240 
1140 1230 
390 1080 
80 1420 
960 1220 
670 720 
550 1100 
370 1350 
770 1190 
170 1340 
110 1160 
800 900 
1260 1440 
1010 1410 
520 580 
1280 1340 
240 1040 
900 1150 
1180 1300 
290 770 
950 1070 
630 1380 
950 1270 
1010 1390 
520 1430 
1330 1400 
490 1240 
1300 1310 
690 780 
1280 1340 
30 1350 
280 1300 
1260 1430 
930 1020 
370 1400 
750 1250 
20 760 
710 970 
180 1350 
160 420 
460 1130 
940 1310 
1390 1430 
1250 1440 
110 1050 
380 640 
510 1150 
680 1000 
250 1130 
120 1040 
1230 1300 
350 1020 
1090 1350 
1270 1340 
500 520 
1390 1410 
1090 1120 
170 1200 
480 1100 
1080 1290 
920 1420 
360 1080 
380 770 
760 1200 
1220 1410 
890 1070 
30 1110 
1130 1190 
1330 1410 
1230 1390 
1400 1410 
520 590 
920 1300 
450 1190 
360 610 
980 1100 
280 340 
1010 1400 
1390 1430 
610 950 
1060 1200 
1140 1170 
1140 1220 
300 910 
580 1000 
130 890 
130 1150 
230 410 
1170 1200 
870 1310 
290 1060 
720 1140 
530 710 
700 1100 
740 1240 
370 850 
110 1030 
1140 1350 
520 820 
270 950 
1180 1260 
190 1130 
130 980 
160 750 
130 550 
30 1050 
1210 1220 
500 1010 
810 1080 
430 1340 
110 1230 
1410 1420 
840 1110 
880 1000 
540 750 
140 500 
380 450 
110 1090 
790 1370 
940 1330 
350 1430 
550 1120 
1240 1320 
940 1030 
1040 1230 
1210 1230 
210 920 
1430 1440 
830 1370 
890 1270 
810 1030 
1010 1230 
1390 1410 
1230 1340 
1390 1420 
660 1440 
360 1220 
540 640 
980 1390 
1350 1370 
200 250 
150 250 
1360 1440 
1360 1400 
890 1400 
710 720 
420 820 
80 1290 
1270 1310 
1220 1270 
1090 1430 
1080 1410 
760 1400 
450 1150 
170 790 
1160 1400 
920 1350 
490 810 
1310 1440 
370 1150 
380 1400 
840 1220 
100 340 
1040 1180 
960 1120 
740 1320 
580 1430 
1300 1310 
1230 1330 
1000 1140 
1210 1440 
620 890 
650 660 
40 410 
360 900 
1090 1420 
980 1440 
210 500 
1310 1410 
1260 1410 
10 970 
430 1110 
740 1370 
710 1100 
290 790 
910 1180 
630 940 
230 720 
500 610 
1090 1310 
650 680 
60 380 
350 700 
780 970 
1190 1270 
1240 1410 
680 1340 
770 840 
130 910 
1360 1410 
350 1420 
1150 1420 
380 640 
680 1230 
280 290 
840 960 
530 1240 
770 1220 
860 1350 
1250 1260 
320 400 
1140 1190 
510 650 
550 1100 
880 1400 
30 40 
730 1030 
820 1160 
620 1400 
610 980 
1050 1270 
730 830 
80 130 
150 990 
100 1160 
1120 1170 
1240 1430 
1250 1340 
990 1200 
200 510 
1240 1320 
630 1360 
500 1190 
80 990 
750 830 
1210 1300 
130 1090 
890 1110 
120 1190 
990 1310 
780 950 
1330 1410 
210 310 
50 620 
870 1120 
400 1420 
570 630 
930 1400 
620 1070 
930 1410 
540 850 
270 900 
1400 1420 
630 940 
1300 1400 
130 1080 
350 470 
1110 1250 
640 830 
580 880 
510 1330 
740 1370 
1040 1400 
790 1220 
1310 1370 
520 1380 
230 1270 
380 940 
700 960 
840 1260 
350 1300 
110 1400 
450 1300 
1020 1160 
920 1130 
440 450 
760 1260 
1040 1140 
780 1040 
810 900 
750 970 
630 720 
980 1240 
80 1000 
480 540 
540 1380 
380 840 
1080 1200 
1070 1290 
40 1120 
600 1440 
930 1220 
1240 1310 
240 500 
550 910 
970 1370 
940 1140 
1150 1390 
500 690 
950 1400 
30 1330 
870 990 
1180 1190 
880 1040 
750 1100 
620 1110 
470 610 
100 820 
860 1070 
80 1350 
120 1330 
520 1210 
980 1140 
810 1080 
310 1100 
1260 1410 
830 1150 
450 620 
1130 1350 
370 480 
110 570 
1160 1240 
610 1280 
1130 1290 
1300 1350 
1300 1420 
140 1170 
990 1000 
250 1320 
400 660 
1190 1380 
900 1170 
460 530 
1110 1260 
1000 1430 
520 1280 
590 1000 
190 640 
640 800 
1000 1060 
750 1230 
450 1130 
520 1170 
550 1090 
100 320 
190 1040 
560 840 
780 1360 
590 1150 
190 890 
930 940 
140 320 
1340 1410 
300 1290 
590 1430 
670 1420 
1130 1230 
930 1120 
880 1370 
1100 1110 
80 570 
1290 1410 
250 990 
640 840 
480 900 
810 1220 
320 1400 
890 900 
700 1100 
440 510 
230 1310 
670 1240 
390 1020 
1160 1260 
410 470 
950 1120 
640 650 
540 1410 
430 780 
1090 1250 
750 840 
250 1320 
790 1040 
1200 1300 
760 940 
1020 1040 
1200 1330 
70 410 
1070 1370 
880 1330 
90 990 
960 1440 
1060 1130 
940 1080 
630 1290 
1100 1310 
80 310 
480 970 
490 570 
490 1330 
1140 1210 
500 1210 
890 1280 
1190 1340 
160 320 
1390 1430 
950 990 
920 1270 
1290 1330 
1040 1260 
220 840 
580 1190 
1200 1420 
1140 1250 
370 900 
570 1080 
540 680 
710 1270 
760 950 
270 680 
290 1270 
520 1090 
60 1270 
1250 1440 
260 830 
410 520 
790 1390 
570 580 
1000 1210 
1080 1300 
290 300 
160 760 
1040 1430 
350 1370 
1310 1420 
330 540 
1310 1330 
730 850 
530 1410 
1240 1430 
1210 1420 
580 920 
1050 1130 
420 920 
390 1360 
1310 1440 
520 720 
1230 1350 
1100 1390 
520 1210 
680 1310 
970 1200 
680 790 
1040 1110 
860 1160 
950 1230 
910 1330 
420 570 
1370 1420 
760 1000 
1110 1260 
240 1140 
350 380 
790 1080 
860 1080 
30 180 
70 1250 
840 990 
1190 1260 
810 1310 
510 1300 
1310 1430 
810 900 
1330 1390 
460 1180 
1140 1270 
670 1310 
150 440 
220 620 
580 1320 
1090 1260 
530 660 
40 890 
460 1280 
890 1010 
370 800 
1140 1360 
1340 1360 
1270 1420 
1360 1400 
900 1330 
550 910 
1310 1370 
340 1110 
660 1280 
540 790 
400 1040 
550 660 
1100 1240 
180 680 
480 1230 
100 690 
50 280 
1390 1400 
1240 1360 
820 830 
530 760 
710 1250 
350 580 
1430 1440 
490 1360 
1020 1300 
1030 1100 
290 580 
580 1250 
690 730 
670 1310 
590 890 
310 940 
720 1410 
230 690 
1180 1370 
850 1340 
980 1230 
680 1420 
70 1300 
610 1100 
1330 1370 
210 1410 
1080 1230 
270 350 
730 1060 
520 1130 
1270 1350 
1400 1410 
1430 1440 
1210 1340 
1220 1260 
210 590 
530 1220 
580 750 
10 1340 
370 440 
620 1080 
800 1180 
910 1340 
1200 1420 
1360 1400 
1210 1410 
920 940 
360 620 
120 680 
320 680 
430 1410 
480 1270 
970 1020 
360 800 
20 690 
1300 1340 
260 620 
890 1350 
60 1440 
640 680 
710 1090 
340 1300 
600 1270 
1040 1360 
870 1300 
810 1160 
1200 1250 
890 1310 
1280 1380 
650 670 
1130 1300 
1120 1250 
140 670 
120 1110 
850 940 
710 1010 
300 320 
460 1320 
1070 1240 
940 1260 
470 750 
380 1130 
1410 1430 
850 1260 
950 1110 
1010 1240 
580 930 
1080 1280 
860 1330 
400 1400 
450 710 
1340 1440 
930 1430 
1360 1420 
240 1270 
50 640 
90 1350 
1250 1270 
330 1400 
680 930 
1060 1190 
1360 1410 
630 1260 
600 920 
1230 1240 
1140 1160 
1350 1410 
1200 1380 
1340 1410 
1030 1200 
540 830 
1420 1440 
610 1180 
110 710 
850 970 
810 1420 
1010 1180 
500 1410 
1170 1260 
170 1390 
920 940 
660 1200 
110 640 
1360 1410 
240 880 
750 890 
10 620 
640 730 
140 760 
1340 1420 
1360 1430 
1120 1220 
660 1270 
610 1260 
410 1160 
1310 1420 
1030 1390 
1310 1430 
800 1170 
840 960 
90 630 
1030 1440 
670 850 
460 840 
1260 1390 
300 1250 
600 1080 
240 1050 
680 1270 
1410 1430 
370 1100 
960 1100 
460 1400 
1000 1150 
500 1310 
1080 1300 
60 1170 
1070 1300 
180 490 
280 880 
570 860 
940 1300 
70 1240 
420 800 
20 1430 
20 690 
1130 1280 
500 820 
1020 1320 
610 1390 
690 1040 
770 1200 
1210 1270 
1350 1440 
320 370 
600 920 
380 630 
260 530 
1030 1210 
90 250 
1170 1400 
1070 1200 
1370 1380 
150 1230 
260 1070 
550 1330 
1390 1440 
1210 1300 
1170 1340 
600 1310 
630 760 
1210 1400 
580 1020 
1350 1430 
390 470 
1260 1410 
110 1120 
730 1380 
770 1390 
1270 1290 
870 900 
1330 1430 
130 400 
40 360 
1220 1360 
890 1120 
1170 1290 
1090 1330 
720 1330 
1400 1410 
820 1280 
210 320 
1330 1350 
1020 1430 
930 1150 
670 1290 
800 1230 
340 1080 
730 740 
110 760 
230 1390 
180 670 
520 1090 
400 1180 
1070 1280 
750 1160 
1360 1430 
160 1130 
670 1270 
990 1000 
1070 1390 
70 1240 
70 290 
990 1320 
1000 1270 
810 1340 
1030 1210 
1380 1410 
1080 1400 
120 140 
1290 1360 
670 1210 
670 1090 
40 1320 
1190 1340 
1260 1300 
870 990 
950 1240 
680 1190 
120 740 
1110 1300 
50 130 
1320 1440 
710 1250 
1050 1160 
910 970 
570 1390 
90 1280 
690 1010 
710 1390 
1170 1240 
530 1090 
1330 1430 
1030 1400 
710 1160 
1040 1260 
1320 1400 
210 1130 
360 500 
250 450 
130 780 
340 1070 
1080 1100 
1090 1280 
140 780 
530 1050 
1410 1420 
470 970 
560 1230 
1050 1290 
480 700 
780 1360 
1270 1420 
40 210 
320 560 
1210 1320 
1160 1280 
790 990 
1250 1380 
1160 1260 
1410 1430 
800 1110 
810 1050 
260 500 
890 1030 
500 1060 
1080 1320 
230 490 
1200 1420 
280 620 
910 1300 
1230 1270 
740 1010 
360 740 
330 1040 
590 910 
1350 1440 
1070 1440 
860 1160 
710 1100 
690 1030 
1310 1440 
1000 1180 
970 1120 
630 1210 
50 270 
170 380 
1020 1120 
450 900 
460 800 
870 1120 
1150 1380 
440 970 
1350 1400 
450 900 
170 860 
1030 1390 
100 500 
1040 1430 
10 510 
1420 1430 
20 370 
1030 1310 
330 1210 
1170 1190 
20 360 
880 950 
1030 1170 
1410 1430 
560 1260 
630 990 
1350 1380 
140 1200 
410 480 
1270 1340 
790 900 
680 730 
1220 1270 
310 1280 
430 1170 
1190 1410 
1100 1170 
670 1130 
610 730 
1220 1320 
820 940 
270 1380 
180 1090 
30 940 
30 660 
550 740 
50 1190 
660 1400 
1260 1430 
460 650 
250 690 
280 1030 
150 1220 
20 580 
230 1320 
270 360 
1150 1320 
1220 1440 
1210 1220 
1100 1120 
900 1030 
50 440 
690 1060 
1070 1150 
170 300 
1220 1360 
20 180 
1190 1250 
1000 1010 
670 1340 
140 920 
600 1440 
820 1260 
730 980 
1100 1200 
870 1070 
80 540 
200 1180 
750 1180 
1000 1310 
500 1380 
800 890 
50 720 
1100 1270 
1380 1400 
380 1420 
730 1350 
820 910 
160 1130 
1200 1440 
1290 1350 
970 1210 
1330 1340 
200 610 
40 1270 
640 1400 
1120 1300 
1360 1400 
1260 1440 
1230 1440 
620 720 
580 920 
910 1430 
1220 1360 
390 1180 
680 750 
910 1260 
1210 1420 
1110 1360 
540 1440 
1430 1440 
80 1260 
310 320 
630 740 
820 1410 
90 350 
550 820 
120 900 
60 1320 
430 1010 
450 1020 
760 1060 
840 1340 
1250 1370 
670 1260 
60 850 
360 760 
1190 1310 
1110 1140 
1080 1120 
480 650 
750 940 
1330 1410 
1080 1380 
520 650 
120 150 
1040 1370 
910 1220 
60 780 
860 1410 
1370 1420 
690 970 
350 1080 
410 980 
850 1380 
1330 1430 
460 930 
1120 1380 
1050 1210 
1360 1430 
120 570 
1370 1420 
330 1210 
1390 1420 
1010 1230 
110 350 
1130 1310 
160 380 
250 1060 
980 1340 
670 1190 
1190 1430 
720 1240 
750 1070 
1120 1390 
1070 1440 
190 510 
1300 1370 
30 1140 
900 1030 
1000 1270 
650 950 
680 750 
1360 1430 
820 1170 
780 1330 
1230 1350 
920 1000 
740 1130 
450 980 
1000 1100 
200 1070 
20 800 
500 1380 
620 1140 
1220 1360 
1280 1310 
550 1300 
660 1280 
960 1070 
370 740 
1330 1410 
600 820 
330 770 
440 780 
940 1120 
210 410 
360 530 
1350 1440 
590 910 
860 1280 
80 900 
1050 1400 
1270 1370 
1070 1090 
990 1390 
1250 1300 
1000 1260 
140 890 
1410 1420 
500 940 
1150 1420 
560 840 
920 1190 
1220 1340 
250 1020 
740 790 
1060 1110 
1050 1280 
1040 1300 
1320 1340 
1010 1430 
630 740 
620 1300 
1270 1340 
140 1030 
390 1270 
690 1230 
1380 1420 
580 1070 
930 1240 
1270 1330 
790 1410 
1350 1370 
960 1380 
1280 1310 
850 910 
1310 1350 
1210 1410 
1300 1330 
1270 1440 
300 1280 
1280 1410 
770 910 
640 1110 
810 900 
810 1000 
20 170 
1370 1420 
230 720 
1110 1340 
60 600 
620 1020 
1420 1440 
1410 1420 
350 1370 
660 840 
1160 1170 
920 1010 
1330 1380 
350 840 
620 1120 
1080 1330 
240 840 
1250 1400 
1080 1340 
70 1370 
790 1260 
80 630 
570 1400 
990 1100 
260 1410 
610 1340 
330 1070 
540 700 
1040 1200 
330 900 
1210 1360 
290 380 
350 1300 
1430 1440 
10 470 
1210 1290 
20 650 
350 940 
310 710 
580 590 
1430 1440 
940 1010 
990 1220 
1400 1420 
960 1100 
1240 1260 
420 950 
210 890 
1110 1440 
1330 1380 
140 310 
1050 1360 
890 900 
1010 1240 
680 720 
1050 1080 
300 1050 
120 1070 
930 1300 
740 750 
70 1290 
1030 1160 
1090 1400 
590 1360 
30 550 
820 1060 
1410 1420 
610 1240 
460 1150 
200 450 
560 770 
750 1400 
220 350 
20 860 
600 1270 
860 1130 
320 770 
1020 1220 
1280 1400 
1200 1260 
150 840 
1000 1440 
170 870 
260 540 
1070 1400 
450 620 
990 1420 
1400 1440 
1040 1320 
540 1430 
1220 1390 
1180 1370 
390 740 
60 1080 
310 1140 
1260 1420 
1020 1260 
410 950 
1050 1280 
930 1140 
950 1280 
80 600 
1120 1270 
870 1120 
1080 1250 
1370 1430 
670 730 
1220 1250 
890 1250 
920 1310 
250 1130 
1020 1400 
270 1320 
990 1420 
260 350 
190 500 
70 1220 
1200 1270 
1060 1130 
380 920 
1290 1340 
700 1290 
1060 1230 
410 1210 
1320 1440 
760 1370 
680 1390 
760 1150 
920 1370 
380 820 
770 1430 
1090 1330 
570 910 
1230 1370 
640 1000 
460 700 
1280 1300 
950 1340 
170 190 
510 1290 
280 1310 
200 800 
290 670 
1260 1430 
1350 1430 
1120 1310 
210 690 
1040 1100 
1060 1070 
1290 1440 
610 1270 
990 1260 
700 1370 
1260 1410 
520 680 
1060 1380 
750 1300 
1050 1100 
760 1230 
740 1150 
1020 1160 
1430 1440 
940 1430 
1350 1430 
1270 1290 
220 350 
830 1180 
1340 1440 
840 1160 
860 1000 
1260 1390 
980 1030 
130 1090 
680 970 
370 930 
1400 1430 
260 1340 
870 1380 
170 390 
650 1240 
510 600 
410 420 
820 1030 
600 1400 
1270 1350 
330 860 
450 870 
170 1090 
440 1150 
710 1250 
420 960 
250 1010 
430 570 
400 520 
690 1210 
820 830 
810 960 
360 1290 
900 1230 
700 1230 
810 930 
1370 1390 
300 1140 
360 910 
150 1360 
170 1340 
360 650 
90 960 
950 1300 
400 520 
1300 1400 
1000 1040 
1090 1110 
180 1050 
290 990 
650 710 
880 1200 
340 840 
710 1170 
1100 1350 
110 1360 
120 910 
710 1130 
1300 1370 
1330 1440 
1170 1210 
590 1270 
150 1270 
800 820 
1350 1380 
150 310 
1180 1300 
450 1270 
30 830 
1080 1200 
1200 1240 
1220 1340 
480 1010 
990 1380 
600 810 
920 1000 
370 520 
740 1210 
250 840 
820 1370 
1390 1400 
1290 1390 
870 1210 
940 1420 
630 1210 
410 530 
840 870 
910 1420 
990 1100 
330 870 
1240 1290 
830 1140 
630 1320 
860 920 
1110 1170 
830 1180 
310 560 
200 500 
1310 1360 
1050 1360 
1380 1410 
290 520 
1280 1300 
890 1300 
1080 1440 
40 580 
20 160 
940 1220 
390 880 
1090 1140 
1380 1400 
1080 1190 
440 790 
1240 1430 
180 1440 
30 480 
50 660 
950 1060 
650 930 
500 520 
400 630 
30 640 
1150 1180 
1170 1380 
1370 1410 
400 820 
520 1420 
630 830 
1270 1370 
320 700 
480 1290 
1310 1410 
370 440 
20 350 
890 1030 
1340 1370 
1350 1360 
1360 1430 
540 1410 
1110 1360 
40 350 
240 290 
750 1440 
410 660 
490 1170 
240 400 
870 1380 
820 1200 
1350 1410 
670 1430 
70 570 
830 1210 
800 1270 
70 1120 
390 990 
1130 1430 
960 1380 
200 430 
20 30 
520 590 
1180 1250 
1180 1250 
770 780 
1070 1090 
130 1250 
1000 1130 
910 1010 
920 1060 
10 690 
1090 1380 
390 1190 
1420 1440 
300 960 
1090 1170 
350 640 
1050 1140 
270 830 
160 960 
1390 1410 
1090 1440 
720 1270 
1400 1430 
1360 1420 
730 1310 
290 800 
620 1030 
800 930 
930 1110 
1360 1410 
980 1080 
1210 1290 
900 1440 
1260 1380 
960 1320 
680 740 
1240 1250 
770 840 
150 780 
920 1380 
1410 1420 
1060 1290 
190 650 
280 550 
430 650 
120 130 
780 1220 
850 1360 
340 480 
900 1240 
190 200 
330 1120 
120 470 
190 1030 
110 400 
300 1390 
990 1140 
950 1400 
70 910 
440 1340 
640 1150 
340 1360 
380 1170 
1180 1430 
950 1150 
170 830 
1330 1340 
1270 1310 
1390 1440 
1280 1430 
980 1110 
240 1170 
530 710 
1020 1140 
640 750 
400 1210 
850 1160 
300 580 
480 810 
1140 1400 
1130 1410 
790 1310 
1300 1360 
1040 1210 
970 1340 
1410 1430 
540 950 
170 830 
380 1070 
1380 1390 
780 1310 
190 830 
220 1320 
650 1230 
1400 1420 
1160 1320 
420 740 
90 960 
1300 1380 
760 1220 
1240 1380 
810 1070 
1240 1400 
70 1040 
1180 1250 
1090 1230 
1220 1390 
610 1010 
70 250 
430 650 
750 940 
70 640 
790 1340 
1160 1410 
1310 1340 
510 1080 
1200 1230 
900 1300 
870 1440 
610 1130 
520 1430 
1040 1400 
1100 1290 
1380 1430 
500 970 
580 740 
510 650 
600 660 
1220 1440 
250 1040 
520 1020 
540 690 
330 750 
440 1270 
1230 1410 
1270 1290 
20 140 
300 440 
940 1370 
570 740 
1180 1220 
620 1340 
1230 1280 
780 1080 
810 1320 
130 760 
430 1120 
860 1440 
250 380 
420 1160 
280 620 
990 1430 
720 1210 
380 1280 
870 1300 
360 1290 
1230 1240 
340 720 
670 1230 
30 1020 
450 820 
1360 1370 
130 720 
30 230 
890 1220 
770 1050 
710 980 
960 1190 
1300 1400 
60 1030 
1250 1260 
1250 1270 
50 1030 
1020 1130 
130 290 
720 1250 
430 660 
880 1440 
180 380 
980 1120 
1390 1410 
250 1040 
770 870 
270 1150 
390 1230 
770 970 
690 1180 
80 730 
1020 1230 
800 1220 
700 840 
940 1180 
750 960 
470 1090 
1330 1410 
450 1410 
1330 1340 
1270 1290 
930 1250 
1310 1410 
260 790 
340 520 
740 1290 
190 1290 
410 1050 
990 1190 
590 600 
1380 1390 
820 1120 
1270 1320 
320 670 
990 1270 
590 1220 
1330 1400 
1180 1290 
1360 1420 
40 1100 
610 970 
110 180 
1010 1190 
680 1210 
260 640 
1430 1440 
1060 1100 
430 790 
1110 1320 
1230 1270 
1210 1440 
1170 1380 
540 630 
1310 1320 
580 730 
860 1310 
1260 1380 
790 1380 
880 1030 
1410 1440 
1310 1340 
940 1120 
390 1310 
370 730 
590 670 
820 940 
700 1180 
1390 1430 
130 1110 
480 610 
720 930 
1110 1150 
1360 1400 
1090 1310 
960 1020 
620 1160 
1100 1350 
610 1120 
1240 1280 
1000 1260 
240 1030 
350 1360 
820 1380 
480 1270 
530 650 
380 390 
1400 1410 
490 1350 
90 440 
1180 1430 
550 1340 
440 1190 
1360 1380 
130 350 
1050 1140 
100 1290 
1300 1390 
610 810 
300 580 
1340 1350 
210 410 
600 1290 
1410 1430 
470 870 
1040 1090 
70 1030 
1050 1190 
240 760 
440 1290 
940 990 
1050 1060 
1090 1210 
480 1060 
1320 1390 
810 1000 
1360 1400 
1310 1400 
650 790 
500 680 
700 1250 
1360 1420 
840 1280 
990 1020 
1310 1350 
1030 1390 
1260 1410 
1180 1230 
330 480 
50 1310 
890 910 
1080 1440 
1060 1410 
1290 1430 
1300 1430 
180 590 
1020 1030 
360 1370 
730 1060 
1180 1280 
360 520 
250 320 
1260 1380 
80 280 
410 1320 
1420 1440 
350 580 
1310 1370 
60 550 
480 1080 
1230 1320 
700 1370 
1340 1430 
570 1170 
1420 1440 
560 790 
670 750 
50 760 
720 1050 
810 1060 
830 1210 
1350 1420 
890 1340 
870 1210 
610 1240 
1380 1420 
1080 1310 
770 850 
1270 1390 
490 690 
1060 1150 
810 830 
690 1130 
880 1260 
450 730 
330 830 
20 1200 
950 1020 
20 1090 
1010 1330 
280 710 
810 1250 
350 830 
860 1410 
560 1190 
450 1050 
350 890 
570 850 
1170 1430 
1110 1240 
850 960 
290 620 
720 1250 
990 1360 
720 1110 
80 840 
890 1070 
690 1000 
1280 1360 
1170 1200 
1420 1440 
380 970 
710 1430 
760 950 
1170 1430 
1110 1190 
1210 1440 
1190 1320 
1200 1400 
810 1360 
110 300 
1200 1360 
50 420 
720 760 
620 770 
1110 1310 
1330 1350 
260 1070 
190 1360 
230 1240 
1260 1340 
770 1340 
1300 1400 
900 1020 
980 1340 
320 1020 
400 1260 
1280 1400 
1250 1400 
1070 1220 
1210 1240 
900 970 
1420 1430 
1410 1440 
720 780 
950 1300 
400 1320 
530 1260 
130 1160 
90 1020 
650 670 
1030 1290 
60 510 
450 1390 
760 810 
920 1260 
830 880 
70 1340 
1030 1410 
1400 1410 
1090 1240 
1350 1440 
750 960 
560 1380 
150 660 
300 1280 
810 1350 
250 1260 
1370 1380 
590 1290 
930 1190 
570 650 
1160 1390 
860 1060 
1020 1160 
1270 1390 
780 1030 
650 730 
510 1140 
1080 1110 
900 1030 
390 1400 
430 1420 
1330 1410 
1220 1240 
10 1320 
430 470 
100 1330 
320 780 
1020 1090 
480 900 
150 360 
1160 1390 
290 400 
280 760 
60 570 
70 650 
170 240 
20 1170 
840 1010 
90 1220 
900 1110 
170 1220 
530 1080 
20 910 
1260 1370 
870 1010 
850 1400 
1380 1420 
300 1130 
470 1100 
610 1030 
400 850 
470 730 
300 1400 
360 960 
820 890 
1020 1370 
710 920 
310 1410 
1160 1290 
470 1270 
710 940 
200 500 
1360 1440 
130 1370 
1020 1260 
1150 1430 
790 800 
150 1180 
10 850 
480 1050 
40 630 
70 1060 
740 1010 
740 1330 
70 1260 
680 1060 
540 840 
1370 1430 
290 870 
1120 1240 
1330 1380 
110 1230 
690 1260 
440 760 
480 740 
830 1150 
670 1310 
680 960 
510 810 
160 920 
210 1380 
430 1010 
80 280 
240 750 
1000 1090 
840 1050 
390 920 
430 1200 
1320 1390 
380 1080 
110 750 
1160 1360 
300 490 
1040 1090 
250 600 
1080 1110 
1220 1430 
60 1220 
910 1050 
480 570 
500 1400 
640 1070 
940 1140 
840 960 
1030 1100 
1270 1310 
1030 1350 
1040 1240 
1110 1270 
1270 1420 
1090 1220 
230 430 
140 1280 
300 950 
420 1070 
1380 1390 
1320 1400 
270 620 
740 1020 
1050 1150 
140 340 
1010 1290 
340 960 
1420 1440 
1050 1230 
100 360 
480 1360 
1340 1430 
90 640 
1430 1440 
1170 1290 
550 1300 
740 1140 
270 300 
310 890 
210 1290 
250 960 
1080 1090 
1420 1430 
550 610 
630 1220 
800 1280 
780 1380 
310 1190 
1270 1320 
500 1090 
50 840 
1180 1210 
440 1040 
690 790 
1070 1200 
530 1200 
1170 1190 
10 1060 
1400 1430 
450 1360 
10 30 
270 1220 
580 630 
310 1350 
870 1410 
1380 1420 
360 1190 
710 840 
800 1230 
1140 1420 
1000 1120 
1000 1370 
1120 1330 
640 890 
200 1230 
920 1170 
660 840 
520 760 
1180 1220 
630 1290 
130 1120 
780 1110 
140 1420 
360 960 
50 120 
290 1240 
50 300 
1130 1300 
230 890 
450 1410 
520 710 
1300 1390 
320 580 
1040 1230 
350 970 
1220 1290 
1150 1270 
630 780 
10 1030 
190 1170 
30 410 
830 1330 
400 430 
30 770 
1420 1430 
1030 1370 
330 660 
1300 1400 
680 980 
20 100 
1110 1340 
190 740 
410 420 
1230 1410 
360 430 
280 960 
320 870 
1400 1440 
1400 1420 
1340 1410 
60 200 
340 710 
980 1160 
250 1380 
610 1030 
410 610 
1100 1280 
1400 1430 
120 1160 
770 1250 
730 950 
450 940 
80 750 
990 1330 
1210 1300 
490 840 
1220 1380 
1170 1190 
1430 1440 
1250 1380 
240 1400 
140 1090 
1260 1430 
880 1410 
130 530 
1400 1430 
600 890 
420 440 
1090 1170 
1290 1300 
100 200 
120 470 
40 850 
440 1230 
670 1390 
1290 1420 
560 750 
900 1050 
860 1360 
980 1050 
1260 1440 
650 1240 
660 1350 
1170 1250 
100 1010 
1270 1280 
970 1390 
70 930 
1040 1300 
1340 1350 
640 810 
90 1360 
20 1120 
160 540 
1200 1210 
1310 1380 
390 560 
1250 1320 
100 1400 
590 1350 
760 1250 
910 1280 
860 950 
380 540 
390 1280 
1170 1320 
250 720 
280 1210 
1400 1440 
1300 1370 
1020 1210 
290 920 
720 800 
700 890 
890 1070 
570 1100 
1090 1370 
630 1080 
80 740 
600 1350 
910 1040 
370 430 
300 1380 
1100 1270 
1360 1400 
1140 1220 
50 750 
1350 1400 
370 840 
510 640 
560 780 
370 840 
1420 1440 
270 320 
840 930 
790 1320 
120 410 
750 860 
1120 1430 
860 960 
1270 1390 
1230 1270 
270 1030 
1120 1360 
1060 1110 
430 890 
390 1120 
790 1070 
1390 1430 
580 1220 
1390 1440 
1180 1310 
990 1000 
750 1180 
120 1380 
170 900 
1170 1360 
490 990 
420 1070 
80 330 
110 1360 
600 780 
360 690 
690 840 
570 1160 
100 430 
1010 1350 
500 1210 
1000 1050 
850 950 
550 660 
460 1260 
1250 1410 
1170 1380 
1050 1370 
220 450 
610 780 
1030 1400 
1330 1440 
750 960 
1380 1410 
1400 1420 
90 310 
1180 1290 
470 1340 
70 290 
900 1280 
150 630 
860 1150 
400 460 
840 900 
50 1340 
1250 1300 
400 1110 
1110 1380 
220 1060 
780 1440 
1180 1410 
290 1000 
1260 1280 
1130 1240 
140 370 
60 130 
1150 1280 
260 870 
430 460 
280 980 
1100 1370 
770 900 
720 1410 
530 690 
1180 1420 
760 880 
930 1240 
130 610 
30 820 
1180 1360 
280 750 
1180 1400 
480 1090 
110 710 
850 1110 
1050 1170 
1250 1280 
1010 1370 
1300 1440 
810 940 
460 1150 
280 640 
410 630 
1000 1410 
220 950 
30 1380 
990 1130 
1340 1350 
110 1120 
730 740 
30 530 
260 720 
10 1280 
690 1350 
330 1160 
1290 1380 
1220 1370 
120 350 
910 950 
1190 1280 
160 1400 
500 930 
1140 1420 
1150 1440 
470 670 
1040 1150 
740 1380 
60 500 
390 410 
1110 1260 
310 1420 
1160 1390 
120 1000 
1250 1380 
1090 1360 
830 1400 
830 1310 
1130 1230 
470 660 
1180 1390 
690 880 
1410 1420 
960 1220 
1280 1410 
800 980 
1370 1420 
60 1420 
1420 1430 
210 770 
170 230 
1180 1380 
240 360 
750 1210 
910 1280 
670 1010 
1400 1410 
540 1430 
160 590 
370 820 
1180 1280 
380 740 
600 810 
490 1040 
410 880 
60 80 
220 230 
1030 1150 
1170 1280 
1390 1420 
870 1390 
600 880 
1190 1300 
600 750 
130 930 
1170 1360 
930 970 
530 840 
280 570 
240 1370 
290 1340 
290 1300 
1430 1440 
1210 1300 
810 1330 
1210 1360 
1380 1440 
1200 1330 
1410 1420 
590 1210 
1070 1280 
1240 1370 
290 930 
360 900 
1390 1440 
920 1230 
1150 1430 
1420 1440 
230 290 
440 600 
1370 1390 
1240 1360 
250 550 
1380 1410 
70 810 
1010 1110 
1380 1390 
200 730 
760 1380 
10 550 
960 1250 
1330 1340 
1240 1370 
1200 1210 
470 1440 
410 820 
840 1070 
1040 1170 
460 1220 
1030 1280 
540 790 
1360 1380 
370 1420 
830 840 
1370 1390 
1350 1410 
1030 1050 
450 1190 
220 1360 
360 1240 
1340 1400 
270 1380 
1280 1340 
230 900 
870 1140 
560 970 
1260 1410 
410 560 
500 1140 
940 1250 
360 970 
1370 1420 
790 960 
260 1050 
20 30 
640 1020 
690 710 
190 570 
1240 1250 
620 1000 
400 1000 
1120 1350 
850 1000 
1010 1420 
900 1090 
970 1440 
1220 1390 
1250 1350 
560 1410 
390 840 
950 970 
1080 1130 
290 310 
1180 1320 
530 1230 
590 950 
1040 1350 
710 1280 
820 1080 
1060 1250 
1030 1240 
950 1220 
610 1050 
20 950 
50 1210 
270 300 
120 380 
460 940 
170 1010 
470 1220 
1250 1380 
480 850 
460 1420 
610 920 
380 550 
450 1340 
1400 1440 
1230 1260 
810 960 
1220 1330 
1300 1380 
1120 1440 
200 1060 
400 850 
70 190 
1170 1330 
210 1320 
1380 1390 
1040 1140 
530 1440 
770 1340 
780 1280 
690 1320 
390 1270 
210 1000 
490 1390 
140 690 
150 970 
40 490 
700 1270 
530 960 
560 940 
280 1390 
650 1070 
620 1130 
1300 1360 
210 1270 
460 500 
570 1330 
580 830 
650 1170 
1390 1410 
70 1440 
1100 1300 
800 970 
480 1230 
1430 1440 
320 730 
1070 1270 
260 890 
510 940 
280 970 
420 840 
340 1110 
1150 1290 
1090 1100 
250 550 
1340 1420 
740 1000 
1430 1440 
490 1290 
1290 1420 
430 1070 
40 330 
1340 1400 
640 1200 
50 370 
1400 1410 
30 720 
270 680 
630 1430 
1280 1430 
1340 1420 
510 1350 
380 850 
1120 1130 
1330 1420 
860 940 
280 840 
1130 1220 
1020 1110 
1230 1250 
520 1100 
530 560 
690 870 
360 530 
280 490 
230 1430 
190 830 
420 1040 
540 640 
1420 1440 
280 670 
130 1080 
1380 1420 
770 1160 
500 720 
860 1060 
240 1040 
220 940 
590 760 
930 1050 
290 870 
1240 1280 
1240 1310 
690 1420 
470 1040 
480 1180 
1090 1380 
1010 1280 
990 1060 
1060 1410 
930 1240 
440 1210 
1270 1320 
160 800 
510 1170 
790 1050 
650 850 
420 1390 
1020 1180 
910 1410 
710 1040 
770 830 
1420 1440 
510 960 
630 1110 
700 1110 
300 980 
190 1310 
340 1070 
1380 1390 
750 790 
1290 1440 
300 1000 
1260 1350 
270 830 
720 800 
1080 1230 
370 620 
700 1360 
360 410 
940 1230 
970 1270 
1010 1280 
320 860 
290 1020 
790 880 
960 1070 
960 990 
1140 1440 
1370 1380 
240 250 
420 950 
660 1350 
900 1100 
1060 1400 
1320 1360 
410 950 
40 980 
560 690 
470 1010 
170 320 
1100 1410 
50 1180 
130 830 
590 1270 
1150 1240 
1360 1380 
330 1250 
220 610 
1420 1430 
970 1360 
710 1130 
530 1200 
1250 1310 
1290 1350 
1410 1420 
1110 1280 
160 620 
280 750 
620 1010 
340 1300 
510 1090 
530 1030 
810 1030 
50 320 
1400 1420 
570 900 
910 920 
680 880 
210 640 
700 1200 
40 610 
580 630 
620 1200 
1250 1320 
1170 1300 
460 1250 
690 900 
650 910 
880 1150 
1410 1430 
1330 1360 
420 810 
280 810 
510 860 
90 1030 
1140 1350 
1040 1270 
240 590 
1000 1360 
820 950 
540 720 
1180 1310 
180 1430 
1010 1070 
350 1180 
970 1420 
810 930 
1160 1440 
380 1110 
1250 1390 
140 1430 
940 960 
1080 1390 
220 330 
1270 1390 
1000 1100 
250 1160 
470 520 
1130 1150 
1410 1420 
70 1010 
1300 1330 
530 1230 
1310 1330 
660 1370 
750 990 
250 610 
1410 1440 
760 790 
120 1270 
380 550 
50 160 
840 1300 
390 880 
960 1200 
1080 1230 
1260 1410 
730 820 
930 1400 
940 1400 
1000 1040 
240 1280 
1420 1430 
1380 1440 
1230 1440 
760 880 
1180 1330 
400 1380 
670 1420 
50 540 
840 1030 
780 910 
1380 1400 
1240 1360 
930 1420 
420 1070 
710 720 
420 1260 
270 710 
510 1060 
1110 1150 
290 1250 
1050 1250 
1200 1310 
940 1000 
1200 1240 
1200 1310 
1420 1440 
1070 1310 
220 620 
900 1180 
830 1040 
870 1380 
580 1380 
900 1090 
810 1410 
1260 1280 
30 250 
820 870 
320 500 
720 1000 
170 220 
630 730 
810 1010 
800 1360 
1430 1440 
330 380 
1140 1200 
1230 1310 
680 1410 
40 440 
340 720 
670 1420 
450 680 
1210 1350 
520 1080 
150 1050 
170 1370 
650 1380 
290 1380 
1360 1410 
650 1160 
1070 1200 
340 580 
780 1420 
1260 1350 
520 1420 
170 1300 
390 820 
780 1220 
760 910 
130 800 
130 440 
1370 1390 
970 1420 
620 1230 
1220 1410 
1040 1320 
940 1210 
1300 1440 
1400 1430 
1170 1250 
1420 1440 
90 200 
940 1120 
570 1100 
1280 1290 
100 240 
740 1140 
1370 1390 
1170 1410 
780 900 
110 720 
300 650 
300 1000 
1340 1360 
560 1250 
1220 1310 
1260 1320 
230 870 
880 1170 
1410 1440 
670 890 
1300 1370 
90 640 
420 1030 
1160 1310 
100 1380 
1320 1350 
1120 1160 
830 1380 
340 1210 
970 1180 
620 850 
180 850 
920 1260 
90 650 
1360 1420 
480 810 
680 1440 
920 1370 
50 180 
430 810 
750 1430 
250 470 
60 880 
1430 1440 
980 1120 
850 870 
570 770 
410 910 
900 1430 
650 810 
950 1070 
1140 1160 
900 970 
860 1420 
60 660 
1100 1230 
1080 1240 
510 880 
1180 1430 
1220 1340 
1010 1410 
380 780 
430 590 
280 340 
460 1320 
1100 1350 
560 810 
870 1210 
1150 1290 
870 1290 
690 1300 
970 1180 
710 1170 
1220 1380 
400 670 
650 1320 
540 1350 
540 750 
760 1180 
1210 1350 
1030 1320 
40 1140 
620 1420 
1380 1420 
1110 1220 
1330 1380 
110 1340 
840 1340 
740 1030 
410 910 
1120 1190 
300 1090 
1320 1330 
120 1300 
850 1430 
580 850 
1150 1160 
370 690 
90 370 
1360 1430 
60 960 
210 1120 
390 1090 
340 630 
1050 1150 
1340 1440 
1240 1430 
1130 1140 
10 700 
290 1130 
660 700 
360 1180 
560 1100 
1080 1410 
330 1060 
890 1140 
1410 1440 
330 1270 
140 1030 
1230 1440 
950 1000 
1330 1360 
960 1180 
730 850 
530 820 
1280 1410 
390 1120 
710 1020 
750 790 
870 1380 
450 1440 
290 1410 
240 1390 
1350 1370 
580 860 
310 600 
970 1260 
780 1240 
1420 1440 
100 970 
710 1420 
10 230 
250 370 
830 980 
870 1260 
1190 1200 
470 820 
60 160 
1360 1390 
330 430 
1000 1440 
780 1370 
1370 1400 
1230 1260 
510 1000 
540 1070 
510 810 
1200 1340 
1420 1430 
890 1200 
20 460 
450 1400 
490 1370 
1050 1440 
110 840 
150 1350 
110 1440 
940 1150 
450 940 
1360 1390 
1110 1340 
1290 1390 
370 1080 
170 710 
1350 1390 
600 900 
1000 1310 
440 580 
710 780 
1230 1310 
1070 1330 
180 700 
240 470 
450 960 
940 1010 
410 1410 
240 960 
530 870 
110 1160 
240 1120 
70 280 
1290 1380 
620 1100 
60 1180 
1350 1400 
490 1070 
340 550 
990 1110 
240 810 
770 1020 
1320 1380 
1360 1400 
470 730 
1370 1390 
830 1170 
770 1160 
1280 1370 
840 1050 
720 1390 
1160 1190 
850 1130 
1410 1440 
1400 1410 
280 360 
840 1400 
270 1090 
770 1350 
220 1440 
1290 1380 
720 900 
270 990 
630 980 
40 110 
700 1100 
990 1220 
910 1050 
1290 1380 
480 860 
850 900 
530 780 
1260 1350 
950 1350 
860 1410 
1310 1370 
580 1070 
380 610 
1070 1200 
1090 1270 
980 1420 
420 1130 
310 940 
1430 1440 
160 870 
520 770 
340 750 
240 720 
460 670 
40 1070 
650 1050 
610 950 
1170 1300 
890 1270 
1060 1390 
60 340 
380 1430 
200 380 
130 510 
1210 1420 
460 900 
1330 1360 
540 1340 
900 1240 
910 1240 
640 780 
890 950 
740 990 
330 760 
520 910 
600 1110 
1390 1430 
1020 1210 
830 1090 
940 1120 
1180 1330 
430 460 
50 1280 
660 820 
970 1350 
590 670 
120 1250 
1010 1140 
700 1440 
1310 1340 
1170 1270 
730 990 
280 1430 
1340 1390 
880 1430 
120 330 
930 1010 
1310 1430 
900 1300 
770 1020 
380 510 
1050 1270 
1110 1340 
450 510 
1040 1270 
610 690 
290 310 
970 1410 
930 1080 
700 1290 
240 900 
740 1180 
230 1280 
200 280 
380 450 
40 1090 
960 1090 
350 1050 
290 410 
1150 1310 
60 170 
540 970 
430 830 
150 380 
1420 1440 
840 1110 
730 1270 
1180 1380 
120 1120 
1360 1400 
440 510 
380 830 
90 860 
1150 1300 
550 1170 
360 1060 
20 1170 
380 1060 
1400 1410 
860 1290 
1390 1430 
840 1200 
30 980 
260 590 
650 860 
1170 1230 
990 1400 
890 1340 
1020 1140 
1170 1290 
690 1360 
1190 1370 
250 560 
470 1370 
830 940 
150 980 
860 940 
870 1170 
170 1150 
140 660 
260 710 
540 600 
1050 1300 
240 1430 
440 800 
710 880 
410 600 
440 1250 
1080 1140 
900 1200 
500 700 
100 1060 
340 1090 
860 1370 
150 910 
880 1100 
10 300 
1230 1370 
110 280 
910 1300 
1230 1400 
410 1000 
1220 1400 
810 900 
280 620 
830 1260 
720 840 
1430 1440 
1010 1050 
1280 1380 
30 1200 
400 1260 
300 1380 
850 1010 
750 880 
1360 1420 
1360 1430 
1280 1330 
860 1370 
1370 1430 
1130 1350 
380 1030 
480 1060 
570 950 
790 1190 
70 130 
1000 1400 
580 950 
120 220 
360 1410 
900 1330 
610 750 
830 920 
1160 1280 
960 1360 
760 1360 
470 1400 
1170 1290 
740 1280 
1090 1140 
1090 1370 
260 780 
570 710 
370 410 
1270 1290 
580 860 
1390 1400 
350 1180 
450 1210 
1140 1360 
470 1170 
990 1390 
720 1030 
950 1000 
60 930 
790 890 
1200 1320 
1080 1430 
1130 1250 
560 620 
500 1300 
650 970 
980 1040 
230 760 
760 860 
720 1360 
940 1000 
690 780 
450 1350 
30 1070 
1270 1320 
1010 1400 
1160 1400 
280 800 
850 1050 
950 1040 
1150 1270 
1420 1430 
120 1420 
1380 1430 
1140 1340 
910 1080 
450 1200 
970 1350 
460 1350 
100 940 
1310 1400 
430 550 
1220 1380 
450 620 
320 810 
380 800 
60 1220 
220 250 
1120 1330 
510 1140 
350 470 
1320 1330 
370 1280 
600 730 
690 1350 
70 430 
140 830 
430 1420 
160 840 
1270 1410 
1200 1270 
850 1240 
660 1370 
400 1330 
1160 1380 
800 1150 
670 970 
530 580 
570 1420 
280 530 
1130 1330 
120 1220 
210 990 
150 220 
1160 1240 
790 1300 
930 1200 
220 1340 
1260 1430 
150 1140 
140 1380 
850 860 
1100 1190 
840 1050 
30 1240 
760 1230 
1060 1380 
470 1070 
780 860 
1250 1430 
1180 1260 
920 930 
470 510 
1370 1440 
480 1040 
1150 1430 
200 910 
620 1280 
1100 1400 
560 1320 
180 930 
1160 1440 
1230 1260 
1190 1420 
1120 1390 
930 1320 
270 310 
320 840 
700 1340 
610 1090 
780 1310 
140 440 
380 1090 
80 1430 
350 410 
20 550 
1400 1440 
1120 1220 
750 1390 
1270 1380 
1320 1360 
120 1330 
390 660 
1250 1360 
1400 1410 
680 1380 
1210 1290 
1190 1260 
1050 1230 
1320 1410 
500 670 
990 1210 
520 790 
630 920 
100 240 
430 450 
1040 1230 
1330 1360 
620 1170 
450 1050 
1240 1370 
140 620 
10 330 
1410 1440 
780 1260 
1110 1300 
140 1270 
1240 1270 
1080 1130 
1100 1110 
840 930 
1200 1250 
340 1210 
640 1170 
260 1160 
30 1120 
410 720 
730 870 
1240 1400 
1190 1370 
920 1000 
430 890 
1270 1420 
800 1230 
900 1220 
630 970 
940 1120 
610 750 
1070 1100 
1240 1430 
470 480 
210 640 
600 1380 
280 370 
350 920 
530 730 
470 1290 
1170 1440 
1090 1270 
680 1060 
700 820 
900 1340 
820 1130 
1360 1420 
170 1020 
410 1110 
1050 1270 
720 830 
1000 1280 
60 1400 
1100 1240 
180 1400 
920 1270 
540 970 
1100 1320 
300 310 
1280 1380 
170 260 
740 1390 
1410 1420 
1000 1420 
250 1160 
1360 1380 
560 580 
420 990 
1090 1350 
1130 1200 
110 140 
610 1370 
420 640 
1070 1100 
1420 1440 
230 1430 
40 560 
1140 1230 
150 1440 
990 1020 
1150 1350 
400 1140 
330 630 
1110 1130 
410 790 
500 510 
130 480 
1090 1350 
10 1010 
490 700 
700 740 
810 1340 
460 930 
810 1370 
380 1410 
530 760 
910 1320 
620 850 
1030 1210 
1400 1430 
700 1310 
610 1320 
860 1270 
370 940 
900 1340 
1230 1250 
1040 1410 
1310 1410 
900 1160 
340 480 
30 920 
730 1040 
310 700 
930 970 
290 1000 
360 1230 
1210 1320 
520 690 
1310 1320 
10 870 
920 1180 
210 830 
180 700 
530 1290 
380 980 
160 180 
370 740 
300 990 
1200 1420 
410 740 
1330 1430 
560 1160 
1300 1360 
400 540 
1150 1190 
870 1420 
550 770 
520 700 
1320 1360 
240 1110 
80 1020 
960 1040 
1380 1430 
1300 1310 
1310 1420 
40 750 
870 1110 
620 730 
1270 1410 
260 1190 
550 1150 
460 1150 
1310 1410 
960 1050 
440 1200 
1280 1380 
1180 1420 
350 1090 
100 220 
130 670 
410 810 
230 1220 
690 820 
1240 1420 
1430 1440 
540 900 
430 920 
340 1170 
270 330 
300 1000 
570 1150 
450 990 
740 920 
160 1180 
1390 1430 
670 800 
210 1020 
650 760 
1070 1100 
140 580 
160 1250 
1150 1240 
320 580 
370 970 
550 1420 
110 1220 
1120 1210 
200 780 
280 840 
1120 1400 
20 1110 
1350 1380 
390 1420 
940 1080 
480 610 
1430 1440 
1120 1250 
1190 1340 
120 1330 
1050 1130 
250 470 
420 1100 
1210 1320 
1160 1280 
930 980 
900 1130 
50 350 
950 1180 
1260 1330 
40 790 
380 1390 
800 1010 
480 1140 
420 1440 
420 990 
1290 1430 
1290 1430 
580 1200 
390 430 
1250 1410 
330 1340 
1370 1420 
1240 1280 
810 1290 
370 600 
1060 1150 
200 300 
520 1330 
630 1250 
240 730 
1170 1240 
1050 1150 
800 1370 
1360 1370 
1380 1390 
530 910 
280 1340 
1050 1200 
70 170 
1180 1440 
490 1290 
240 780 
1090 1320 
430 480 
310 780 
250 980 
1030 1400 
660 950 
460 1340 
580 800 
110 180 
20 180 
410 430 
1240 1420 
1210 1440 
530 1390 
1270 1380 
370 910 
650 1240 
410 860 
250 370 
1300 1350 
390 520 
1410 1440 
370 680 
10 1020 
60 1050 
660 1040 
730 1060 
1270 1390 
460 620 
150 1300 
140 910 
920 1260 
190 630 
510 760 
910 1390 
950 1020 
470 730 
1150 1440 
220 880 
350 810 
230 1010 
940 980 
90 530 
1380 1390 
780 1010 
210 810 
670 950 
1190 1400 
1010 1340 
870 970 
1220 1380 
1360 1390 
980 1280 
180 570 
370 930 
1010 1270 
300 460 
770 1090 
1380 1390 
620 1100 
890 1300 
550 1340 
300 710 
1300 1370 
660 890 
920 1320 
940 1020 
1240 1400 
1330 1410 
40 300 
920 950 
480 1140 
940 1110 
1060 1330 
960 1430 
120 700 
1080 1280 
1290 1350 
980 1390 
1200 1330 
1050 1400 
470 1030 
860 1070 
860 1160 
1390 1410 
1100 1280 
500 1270 
1030 1240 
300 310 
280 750 
570 990 
1370 1380 
780 1400 
620 950 
1010 1290 
330 340 
800 880 
610 1090 
1070 1080 
970 1010 
730 1370 
710 1170 
890 1170 
40 860 
770 1440 
1290 1340 
70 280 
1380 1440 
980 1290 
590 1360 
130 150 
450 830 
890 1420 
1400 1430 
1340 1390 
600 830 
750 810 
750 1210 
610 1060 
560 590 
970 1070 
1240 1260 
1170 1300 
450 790 
1090 1340 
1380 1440 
1290 1440 
570 780 
1200 1350 
840 910 
1000 1170 
670 790 
1300 1370 
1020 1290 
770 940 
90 420 
230 300 
200 330 
1300 1400 
970 1000 
1290 1420 
910 1090 
230 830 
440 590 
430 780 
1330 1430 
240 420 
870 1000 
980 1080 
210 1020 
180 330 
740 970 
1170 1340 
710 1100 
590 630 
190 710 
1370 1440 
440 850 
300 870 
690 1070 
1400 1420 
1300 1390 
850 1290 
290 790 
1040 1280 
890 1150 
1270 1350 
1120 1350 
830 870 
1400 1430 
470 1020 
640 1210 
380 1060 
450 1140 
60 300 
990 1350 
980 1340 
1300 1370 
670 1280 
450 670 
1280 1320 
1090 1320 
1220 1360 
330 700 
1040 1260 
1410 1420 
1320 1380 
100 740 
140 1210 
280 610 
510 1270 
560 740 
990 1260 
1250 1260 
190 820 
140 1150 
510 1090 
370 490 
1270 1350 
30 270 
460 1340 
1230 1370 
1130 1440 
990 1160 
440 1290 
130 790 
1310 1330 
840 1370 
350 830 
1410 1430 
930 1420 
1160 1220 
520 650 
1060 1400 
1400 1440 
920 1390 
1000 1010 
1080 1220 
340 640 
690 850 
470 610 
1180 1410 
1220 1260 
160 1390 
260 1120 
570 1110 
1290 1420 
250 940 
760 780 
650 1340 
1380 1430 
730 1260 
1290 1400 
870 1390 
630 1320 
120 260 
920 1050 
170 890 
1350 1420 
780 1300 
1140 1170 
1060 1100 
710 1090 
660 1370 
1140 1260 
1360 1410 
1150 1350 
640 650 
620 1200 
460 600 
180 860 
420 1140 
140 900 
90 380 
710 970 
460 800 
1380 1440 
720 1310 
540 960 
880 940 
920 1420 
170 1300 
1310 1400 
740 1090 
910 1390 
610 850 
690 1100 
1110 1260 
200 530 
300 1210 
830 1230 
710 780 
590 970 
710 850 
1150 1390 
1390 1430 
710 770 
610 640 
1400 1420 
1230 1410 
360 980 
1360 1440 
710 740 
440 1030 
1320 1430 
840 980 
260 1280 
1360 1390 
500 1440 
470 550 
910 1330 
290 1200 
920 1150 
1060 1260 
610 780 
1390 1430 
90 900 
1290 1330 
1030 1120 
510 1140 
800 1310 
710 1240 
530 670 
300 1290 
1260 1270 
160 1320 
1010 1110 
1030 1290 
1220 1310 
710 980 
170 960 
510 640 
830 1360 
270 1230 
370 650 
340 1300 
480 830 
1320 1330 
1090 1200 
840 930 
20 1190 
210 530 
860 910 
910 1140 
530 730 
60 310 
840 1390 
740 980 
440 710 
100 1390 
50 550 
1320 1430 
1190 1370 
620 1390 
940 1020 
510 980 
1170 1280 
830 1200 
90 1390 
400 810 
570 1390 
1140 1220 
240 840 
190 1380 
1340 1410 
530 1390 
1150 1190 
210 1220 
730 770 
550 880 
1190 1210 
630 970 
1060 1130 
1080 1170 
870 1010 
400 1350 
580 970 
340 360 
510 1410 
230 1210 
660 1170 
410 940 
680 1130 
570 910 
730 1370 
40 850 
550 1290 
480 870 
1030 1240 
1070 1180 
530 1130 
270 760 
710 830 
900 1180 
10 450 
700 1430 
480 1090 
1400 1410 
230 830 
240 1270 
210 1190 
630 640 
740 1270 
830 1080 
250 540 
260 430 
620 1150 
880 1220 
800 1000 
320 550 
350 410 
10 1060 
650 1350 
220 1130 
620 850 
1260 1440 
980 1240 
1240 1370 
1000 1390 
590 660 
930 990 
740 910 
390 1390 
660 1430 
1120 1410 
390 510 
400 870 
870 1270 
890 1140 
840 980 
1170 1250 
610 970 
1390 1440 
990 1390 
60 1260 
1390 1420 
1310 1420 
1220 1320 
920 1260 
1230 1320 
180 900 
1100 1160 
240 310 
310 1230 
1170 1230 
660 1440 
980 1420 
500 530 
60 140 
140 1120 
780 1410 
950 1050 
390 1130 
450 940 
860 1150 
600 650 
300 1440 
1180 1320 
1030 1140 
330 1330 
160 400 
60 200 
1430 1440 
1150 1360 
1230 1350 
1080 1200 
50 310 
60 1130 
870 1140 
640 700 
1290 1430 
760 1090 
20 1380 
1400 1440 
590 1060 
700 1070 
1410 1440 
1160 1370 
910 1120 
1370 1420 
1230 1300 
550 1430 
730 1090 
800 1400 
340 1170 
190 240 
1430 1440 
230 710 
520 890 
1260 1420 
1010 1220 
710 770 
110 880 
860 1260 
1250 1410 
160 1250 
50 420 
1430 1440 
280 1390 
10 1050 
50 830 
180 250 
200 1410 
1110 1150 
580 1190 
780 860 
1270 1390 
500 1110 
660 1240 
10 730 
1000 1210 
140 240 
1030 1410 
1050 1220 
330 850 
700 1210 
1430 1440 
1430 1440 
1380 1440 
990 1320 
490 620 
1420 1430 
980 1340 
1260 1380 
220 440 
1340 1350 
600 740 
740 1030 
1360 1370 
1300 1380 
560 960 
650 890 
90 1000 
310 320 
1030 1340 
40 1310 
150 310 
880 1200 
650 1120 
1410 1430 
270 1100 
560 630 
460 1310 
320 600 
1070 1080 
110 210 
200 230 
720 1420 
350 1160 
1000 1230 
800 1280 
80 1150 
740 1140 
930 1060 
300 700 
1370 1380 
830 1320 
700 980 
650 1170 
1060 1410 
30 330 
1270 1310 
1270 1350 
300 1290 
280 1340 
640 1210 
410 1000 
1190 1290 
960 1110 
1130 1190 
340 990 
570 1390 
1330 1370 
1120 1300 
1120 1230 
1240 1330 
670 800 
80 1060 
350 890 
1210 1280 
120 1140 
780 860 
1170 1390 
290 670 
1090 1300 
190 840 
1360 1400 
1270 1370 
960 1160 
530 1000 
240 1250 
1140 1250 
950 1280 
520 1390 
200 970 
610 630 
1240 1360 
1080 1150 
440 810 
1150 1350 
20 880 
200 1010 
1200 1250 
600 1330 
530 750 
730 920 
390 650 
100 360 
1160 1220 
840 940 
90 1330 
390 750 
1070 1220 
630 650 
1250 1260 
920 1120 
590 1160 
1280 1420 
1420 1440 
750 980 
980 1000 
870 1370 
1090 1390 
1130 1260 
700 810 
140 420 
1230 1390 
20 200 
1320 1360 
450 1260 
860 1100 
1130 1160 
740 1120 
1430 1440 
880 1100 
170 210 
1360 1410 
740 1050 
110 300 
400 410 
1130 1270 
1110 1390 
310 580 
1010 1350 
730 800 
170 880 
1080 1280 
410 440 
120 1260 
1130 1270 
1380 1400 
790 1350 
360 710 
1230 1430 
490 850 
380 510 
160 280 
1090 1260 
950 1130 
770 1070 
440 1350 
1300 1430 
280 310 
370 410 
1320 1390 
920 930 
170 740 
120 230 
880 1170 
620 1100 
690 830 
570 880 
1390 1400 
40 930 
1390 1400 
880 930 
1080 1170 
240 740 
800 1250 
390 980 
960 1430 
500 1410 
540 1180 
410 1040 
540 1410 
350 670 
1100 1350 
890 1260 
760 810 
270 980 
850 860 
210 470 
1180 1280 
180 950 
80 580 
10 1060 
830 980 
160 760 
710 770 
490 1420 
1200 1400 
770 810 
1130 1280 
1200 1360 
720 1270 
220 980 
1210 1430 
1130 1350 
1430 1440 
790 870 
1080 1210 
60 690 
40 980 
570 630 
210 1190 
1010 1060 
530 1080 
1360 1440 
490 810 
500 680 
1090 1250 
1180 1270 
80 740 
380 1200 
260 790 
600 840 
720 750 
690 1300 
1120 1280 
350 1190 
190 300 
580 1360 
1380 1390 
520 900 
940 1090 
1000 1030 
810 1390 
700 750 
260 490 
810 1390 
580 1220 
460 540 
950 1290 
960 1280 
660 1160 
130 1230 
1120 1200 
580 870 
1420 1430 
1330 1420 
1040 1060 
680 1410 
990 1350 
1270 1280 
340 1220 
1190 1340 
1340 1440 
900 1110 
800 980 
1090 1290 
400 980 
290 570 
600 1410 
320 1160 
690 1170 
1010 1250 
620 1360 
1160 1170 
380 1140 
270 1290 
1080 1360 
1190 1220 
1060 1360 
930 1220 
1230 1270 
210 1310 
1330 1410 
350 620 
160 710 
1190 1270 
910 1180 
1130 1350 
280 330 
80 220 
1170 1230 
670 1320 
480 1180 
140 1100 
750 1180 
560 1280 
1040 1410 
600 1300 
1200 1430 
540 1180 
220 640 
920 1400 
1150 1380 
380 1200 
1300 1310 
530 1240 
660 960 
850 920 
790 1020 
320 1120 
1290 1430 
1170 1220 
700 940 
1090 1160 
740 1030 
1260 1380 
830 1330 
1220 1410 
880 980 
870 1250 
550 1360 
1040 1340 
650 810 
180 570 
610 890 
170 510 
1420 1430 
1080 1440 
1260 1340 
1400 1420 
770 1170 
730 860 
30 140 
410 750 
1380 1420 
140 160 
630 830 
380 890 
1040 1100 
590 1200 
390 1100 
740 1430 
1300 1440 
30 1180 
610 1010 
1290 1350 
520 1190 
1240 1270 
50 900 
1070 1390 
780 1330 
670 780 
1070 1290 
190 1340 
1280 1360 
680 990 
460 650 
540 920 
820 1050 
140 220 
1070 1330 
1370 1390 
530 910 
750 1180 
1420 1440 
780 1070 
510 1010 
800 1280 
990 1100 
1170 1290 
1120 1420 
1250 1290 
1000 1050 
870 1270 
460 1010 
1420 1430 
1030 1440 
1190 1360 
1330 1370 
1050 1330 
140 340 
1390 1430 
610 1030 
1360 1420 
320 1100 
660 1340 
1110 1440 
960 1110 
1220 1360 
810 1220 
920 1210 
390 1280 
310 930 
650 680 
230 690 
710 1110 
620 660 
190 1000 
1360 1410 
70 930 
910 1220 
470 1360 
840 1160 
460 1230 
780 1360 
420 1030 
1410 1440 
1110 1320 
810 1390 
1170 1310 
1010 1240 
180 360 
340 570 
780 1220 
1310 1370 
840 1000 
470 1020 
330 590 
620 1210 
500 520 
1390 1410 
870 1180 
560 670 
220 450 
1200 1240 
860 1230 
600 910 
1110 1370 
1160 1200 
520 730 
1150 1430 
600 690 
1140 1340 
1020 1080 
980 1040 
1060 1260 
1260 1340 
1160 1380 
340 900 
1260 1270 
970 1380 
1130 1390 
100 720 
1190 1230 
720 1150 
450 720 
730 840 
1410 1430 
150 980 
750 1090 
250 1280 
180 1360 
1120 1160 
990 1010 
1230 1260 
810 1210 
580 1360 
1370 1400 
50 660 
780 840 
1260 1390 
150 460 
460 510 
440 970 
990 1280 
280 1300 
1220 1270 
890 1290 
280 1020 
220 250 
370 390 
1240 1360 
1350 1400 
540 910 
200 690 
840 1300 
610 750 
730 1260 
230 970 
180 1180 
340 640 
980 1140 
1070 1300 
1430 1440 
560 1350 
850 930 
890 1080 
860 1330 
980 1070 
1050 1240 
1070 1150 
180 1260 
230 870 
830 1080 
130 370 
1410 1430 
720 1260 
630 750 
330 1350 
280 1370 
770 1020 
340 480 
320 560 
250 290 
60 540 
470 880 
360 1330 
460 500 
650 1200 
260 550 
930 1260 
530 1390 
920 1360 
1390 1400 
820 1280 
610 750 
450 1350 
670 1170 
170 730 
1300 1340 
870 1000 
880 1160 
480 1370 
850 1350 
1220 1340 
270 510 
430 840 
70 80 
170 1210 
420 1370 
130 680 
190 550 
630 1380 
1330 1370 
1270 1430 
560 750 
1120 1170 
90 1290 
1320 1420 
470 840 
1410 1440 
390 1340 
1310 1380 
280 1270 
110 850 
230 400 
420 640 
440 980 
730 990 
760 1350 
750 1240 
1040 1320 
380 730 
1250 1430 
1420 1430 
470 1270 
610 980 
160 520 
540 970 
1210 1300 
170 240 
1070 1240 
260 890 
720 1410 
670 1250 
60 140 
640 1090 
610 1430 
160 290 
50 1170 
1400 1440 
1030 1380 
1320 1430 
990 1320 
580 660 
480 570 
720 740 
640 670 
810 1420 
890 1020 
630 1390 
740 930 
1240 1390 
1330 1360 
1120 1320 
40 510 
1100 1410 
370 390 
850 1380 
890 1200 
410 1400 
680 1370 
70 410 
900 920 
760 1440 
100 400 
1240 1310 
1070 1120 
100 1250 
1040 1240 
1420 1440 
1100 1400 
560 590 
800 1320 
160 580 
1420 1430 
270 390 
480 600 
960 1090 
960 1340 
980 1190 
830 1150 
1220 1440 
40 60 
110 600 
1010 1350 
260 720 
1260 1420 
430 630 
360 510 
740 1050 
1280 1310 
1380 1420 
1430 1440 
730 1190 
1170 1250 
1030 1440 
1070 1150 
830 1240 
620 1410 
250 370 
1010 1180 
1150 1220 
800 890 
1020 1370 
1150 1230 
1320 1340 
810 860 
1410 1420 
1050 1260 
1130 1230 
1360 1390 
130 930 
520 1050 
410 490 
1170 1360 
940 1440 
1230 1340 
630 1080 
410 1410 
30 190 
550 1390 
990 1200 
640 1380 
560 690 
1160 1210 
280 1410 
890 1210 
300 1190 
1050 1070 
70 430 
1100 1260 
1280 1410 
180 1140 
260 650 
880 1260 
1300 1340 
120 1150 
940 1170 
480 760 
500 950 
910 1380 
110 1340 
1200 1250 
40 970 
210 1040 
700 1340 
410 990 
30 710 
940 1140 
1340 1400 
750 1290 
1270 1360 
1270 1370 
970 1290 
290 660 
1090 1330 
1400 1420 
970 1330 
1080 1220 
20 1180 
1260 1300 
110 380 
900 1190 
400 640 
270 660 
220 320 
400 1110 
1100 1240 
1030 1200 
1270 1400 
1220 1390 
540 1340 
530 1390 
430 840 
200 770 
1030 1070 
50 770 
500 950 
1360 1400 
1340 1350 
300 1010 
1340 1410 
10 880 
20 220 
1010 1310 
1290 1320 
330 790 
790 1330 
1120 1260 
580 980 
1060 1260 
280 1040 
1020 1120 
640 1370 
1080 1380 
1300 1320 
470 1380 
400 1070 
1230 1330 
250 980 
570 1420 
780 800 
870 1210 
1030 1410 
700 1210 
50 450 
10 1400 
720 880 
850 1050 
1230 1440 
700 1210 
1290 1300 
60 160 
1390 1400 
670 1370 
1330 1430 
800 1410 
1150 1320 
640 1270 
920 1320 
640 1080 
1030 1300 
640 1360 
370 650 
10 1270 
1230 1340 
810 1140 
470 1390 
1200 1260 
1000 1380 
710 770 
1040 1270 
370 950 
1300 1330 
430 600 
1360 1420 
490 1160 
1320 1430 
1230 1390 
240 670 
1350 1400 
1020 1240 
100 230 
420 930 
50 180 
210 830 
1280 1310 
1210 1440 
1110 1150 
20 180 
1430 1440 
940 1240 
250 500 
760 900 
1320 1380 
550 630 
830 1220 
610 770 
230 480 
80 990 
1320 1400 
580 1070 
110 1280 
430 620 
860 1320 
810 1410 
1200 1350 
900 1340 
40 110 
500 1390 
310 1300 
1010 1130 
1370 1390 
1270 1300 
490 880 
430 780 
390 1360 
1420 1440 
840 1290 
1210 1250 
280 1420 
380 1320 
690 1320 
1250 1340 
840 1310 
670 1280 
660 740 
1180 1320 
1230 1390 
280 440 
730 1320 
740 1160 
30 1220 
210 1160 
250 350 
760 1020 
1430 1440 
1000 1340 
70 400 
1400 1440 
1260 1350 
450 1440 
530 1220 
430 1000 
1250 1300 
940 960 
870 1310 
590 900 
970 1140 
1410 1420 
1230 1240 
1110 1300 
770 1300 
660 1310 
520 900 
120 820 
1260 1410 
1330 1350 
960 1300 
1340 1410 
830 1170 
1280 1380 
700 1070 
1000 1190 
420 480 
600 1060 
10 780 
1290 1380 
280 1380 
1120 1320 
1250 1290 
1320 1380 
1230 1430 
680 1280 
250 530 
280 660 
520 920 
840 960 
350 1220 
830 850 
160 620 
1150 1180 
610 1430 
480 660 
510 670 
1040 1160 
1190 1270 
1230 1440 
1340 1360 
780 850 
1350 1370 
500 690 
300 480 
290 610 
260 880 
480 1070 
1030 1240 
1260 1400 
90 440 
180 920 
260 640 
530 1230 
460 1250 
760 1200 
1380 1420 
710 720 
270 1140 
140 980 
780 790 
870 1230 
320 920 
50 1250 
1300 1380 
1160 1370 
550 910 
1040 1100 
1110 1280 
570 790 
1040 1050 
1350 1380 
690 1200 
710 1030 
10 1380 
280 540 
620 710 
600 950 
920 1260 
800 830 
1330 1350 
690 1010 
1180 1410 
590 1160 
130 960 
670 990 
610 620 
280 520 
1200 1370 
850 890 
400 590 
40 1240 
170 800 
1420 1430 
530 1100 
1060 1300 
770 1400 
50 1080 
850 890 
1290 1370 
240 660 
520 1110 
570 1120 
610 1110 
510 720 
260 300 
220 1220 
1170 1270 
820 1150 
1240 1410 
980 1370 
890 1320 
1420 1440 
960 1300 
580 1290 
300 820 
400 860 
1420 1430 
330 1000 
550 860 
420 1090 
1110 1430 
500 850 
40 340 
920 1140 
1430 1440 
210 1370 
840 1000 
990 1140 
1350 1440 
730 850 
270 1180 
70 590 
1200 1230 
380 1310 
110 1310 
220 1300 
1160 1180 
1000 1310 
1300 1330 
1010 1130 
460 640 
1370 1400 
1280 1310 
210 1130 
1150 1250 
650 990 
510 1240 
430 980 
510 720 
140 950 
120 410 
1200 1390 
770 1350 
740 780 
1230 1270 
700 1260 
940 1220 
1320 1360 
1210 1250 
1030 1190 
590 880 
810 910 
250 1310 
1410 1440 
40 900 
1370 1430 
910 1380 
580 700 
1200 1310 
1350 1360 
1060 1150 
550 1000 
760 860 
480 820 
870 1260 
1180 1210 
350 790 
900 970 
1430 1440 
700 870 
160 1000 
420 1420 
880 1130 
60 400 
770 1220 
1000 1140 
930 960 
730 810 
880 1120 
1160 1360 
1020 1350 
1130 1280 
1390 1410 
1320 1350 
1070 1430 
940 1280 
1140 1370 
530 850 
140 1120 
1080 1090 
530 650 
860 980 
290 1070 
780 1240 
820 1150 
980 1150 
760 1120 
550 780 
1340 1430 
270 800 
1380 1400 
1320 1360 
1380 1410 
1230 1300 
930 1210 
810 1080 
410 470 
1320 1390 
230 630 
60 1190 
770 1250 
990 1250 
360 1330 
1230 1280 
1400 1430 
1000 1150 
1330 1360 
290 1070 
30 1350 
970 1230 
270 1300 
790 940 
980 1320 
730 1140 
820 1410 
250 1050 
190 420 
1040 1210 
460 620 
900 940 
1200 1420 
980 1010 
450 680 
700 960 
540 1380 
170 1350 
510 1250 
290 660 
190 770 
760 820 
1060 1430 
510 1240 
220 990 
920 1380 
560 580 
1170 1220 
1030 1310 
620 1220 
900 1240 
150 810 
570 670 
20 90 
690 1390 
400 1370 
960 1070 
80 330 
700 1240 
860 1190 
1140 1280 
300 1190 
1080 1150 
410 1170 
160 640 
180 410 
1160 1280 
630 1160 
1390 1410 
190 530 
1210 1260 
260 700 
150 640 
590 690 
1180 1280 
260 1190 
1070 1290 
1400 1420 
240 250 
900 930 
1140 1270 
470 890 
240 1310 
1180 1440 
1290 1340 
1210 1330 
1270 1390 
20 1180 
520 830 
710 1040 
670 1150 
1410 1430 
1170 1300 
1190 1380 
340 1100 
980 1270 
1280 1320 
1360 1430 
280 530 
730 1320 
1060 1160 
1110 1380 
1370 1410 
340 890 
1390 1430 
690 1140 
540 1220 
1420 1440 
340 590 
510 570 
1210 1330 
680 1110 
110 600 
890 1410 
150 200 
320 1120 
360 830 
550 1000 
1280 1330 
330 1180 
340 1390 
510 1400 
1280 1350 
200 270 
140 710 
500 520 
840 1270 
570 1310 
240 330 
950 1200 
420 600 
220 610 
150 800 
290 940 
1430 1440 
1120 1420 
1320 1440 
840 860 
100 820 
200 1220 
1370 1380 
210 350 
1360 1370 
1160 1350 
280 500 
1340 1390 
690 880 
930 1010 
100 1220 
1350 1380 
200 730 
160 1380 
220 320 
950 1410 
340 1360 
1240 1330 
740 1140 
200 220 
860 1390 
1050 1300 
170 1000 
240 310 
1150 1160 
910 1180 
1200 1310 
370 1350 
420 540 
1100 1310 
100 130 
1100 1430 
1410 1430 
70 810 
440 860 
290 1000 
600 960 
1110 1180 
760 1300 
830 880 
760 1090 
840 1410 
260 1270 
1410 1420 
1080 1180 
900 1380 
1140 1160 
780 1230 
570 810 
10 300 
160 620 
360 840 
720 1260 
360 630 
920 1440 
1260 1290 
620 860 
910 1160 
760 860 
20 210 
860 1340 
370 1050 
1290 1370 
550 930 
310 450 
870 1020 
1350 1420 
1080 1190 
1300 1310 
150 540 
620 1240 
1250 1410 
770 950 
1230 1340 
810 1420 
550 680 
300 990 
1170 1270 
1270 1360 
950 1030 
690 1440 
700 1330 
290 820 
670 1370 
960 970 
660 990 
400 1240 
440 780 
970 1360 
910 1340 
360 1100 
1400 1440 
270 1040 
1420 1430 
270 750 
1320 1380 
970 1210 
100 210 
390 1390 
500 950 
270 1070 
460 1050 
970 1300 
1020 1150 
820 1420 
1300 1360 
1080 1240 
480 1440 
1380 1400 
1330 1430 
870 1300 
800 1140 
700 1150 
70 1300 
160 630 
420 670 
790 850 
1200 1420 
240 550 
40 860 
60 470 
470 840 
420 800 
600 730 
660 1430 
410 1330 
970 1070 
410 740 
230 960 
1100 1400 
120 1160 
1000 1070 
1140 1250 
1150 1210 
300 710 
1210 1300 
110 400 
830 1130 
1240 1260 
320 1190 
1360 1410 
1420 1430 
560 990 
370 800 
250 1400 
600 1180 
650 1210 
370 1340 
1370 1410 
250 1060 
1360 1390 
1400 1420 
1300 1400 
1200 1250 
390 920 
1350 1440 
1150 1370 
200 1170 
460 1230 
1170 1380 
240 660 
620 630 
890 1360 
880 1010 
180 210 
630 970 
200 960 
210 400 
930 1340 
900 1120 
710 1360 
1260 1360 
1090 1310 
1120 1370 
80 130 
680 1350 
1320 1370 
120 1210 
560 1200 
150 1050 
630 770 
820 1440 
1190 1340 
100 190 
220 1150 
1140 1220 
640 1410 
840 900 
720 1210 
750 1250 
510 750 
1000 1350 
320 950 
470 1190 
350 770 
1190 1280 
130 1080 
430 750 
270 340 
980 1330 
1410 1440 
200 370 
550 790 
790 1010 
440 530 
630 1140 
190 840 
580 1160 
30 40 
790 920 
940 1230 
920 970 
800 1080 
1160 1370 
950 1120 
960 1280 
1070 1200 
960 1230 
160 1360 
720 820 
790 1230 
1150 1230 
530 720 
1290 1300 
580 1400 
310 400 
880 930 
650 1420 
230 520 
1380 1420 
540 1040 
350 470 
800 1320 
1250 1350 
1140 1210 
840 1330 
990 1350 
160 410 
680 900 
800 960 
840 1160 
600 940 
10 980 
20 160 
1150 1410 
1050 1430 
290 1170 
380 880 
720 1040 
1070 1130 
30 1280 
470 600 
310 440 
60 630 
280 300 
1320 1380 
650 720 
960 1430 
150 1280 
1400 1410 
250 600 
1130 1150 
1150 1430 
140 1200 
400 490 
690 1210 
430 1340 
630 1360 
1290 1400 
780 1040 
670 1070 
1070 1090 
950 980 
780 1380 
660 1370 
1010 1130 
1100 1340 
810 1290 
310 930 
1420 1440 
1280 1400 
560 870 
90 1060 
770 1120 
1100 1380 
1130 1300 
620 1000 
340 1060 
650 840 
1240 1290 
1410 1420 
500 790 
940 1200 
690 1030 
720 1290 
550 960 
930 1240 
1070 1080 
1240 1430 
750 1280 
860 1340 
1150 1230 
1240 1420 
1370 1400 
790 1130 
1320 1380 
460 640 
980 1240 
950 1040 
350 1410 
1330 1360 
210 740 
140 1100 
860 930 
830 1230 
1340 1440 
1160 1200 
1120 1340 
1320 1360 
760 1420 
710 1320 
50 560 
1170 1300 
610 1030 
1100 1300 
1050 1120 
830 1180 
1080 1190 
280 620 
860 1340 
100 210 
970 1440 
20 380 
1190 1230 
290 540 
70 1080 
900 1000 
1130 1440 
420 1010 
460 850 
290 1360 
1170 1330 
1370 1390 
490 1360 
500 580 
60 370 
10 210 
460 1200 
1000 1010 
500 760 
1040 1070 
760 1360 
60 1170 
730 1390 
320 670 
640 790 
730 1320 
230 1320 
380 410 
1040 1050 
590 1230 
1340 1430 
600 700 
540 1080 
390 950 
1230 1400 
1430 1440 
910 1120 
620 1090 
1170 1340 
250 860 
390 740 
630 830 
190 590 
220 980 
560 790 
720 1010 
970 1410 
40 50 
890 1420 
880 1080 
460 660 
870 1110 
30 1040 
510 830 
280 370 
1260 1410 
210 340 
130 160 
1080 1160 
1410 1440 
730 870 
1330 1380 
1030 1050 
1430 1440 
1360 1400 
60 90 
1410 1420 
150 730 
510 840 
1010 1390 
1190 1240 
1260 1350 
680 1170 
1410 1420 
450 890 
110 1020 
340 1060 
410 930 
500 900 
660 1270 
1280 1400 
170 640 
10 1350 
1060 1320 
90 1160 
1360 1430 
250 1030 
1270 1310 
630 1330 
1040 1280 
1310 1330 
980 1410 
420 1040 
750 1310 
190 820 
480 1200 
690 1320 
430 1430 
930 1090 
990 1190 
120 300 
860 940 
1220 1390 
790 1160 
970 1320 
940 1400 
720 1140 
170 1320 
1100 1210 
1300 1390 
870 1350 
900 1210 
680 1420 
330 600 
1290 1340 
850 1270 
510 1220 
70 240 
260 960 
450 700 
700 800 
740 840 
1160 1260 
1380 1440 
680 750 
1240 1250 
1090 1180 
70 1130 
710 1220 
120 980 
50 1160 
160 730 
1110 1390 
30 320 
1210 1360 
1340 1420 
1330 1400 
1400 1410 
960 1350 
1020 1170 
790 960 
40 580 
1320 1400 
740 930 
270 640 
390 640 
980 1380 
750 1240 
1150 1320 
1000 1240 
270 800 
520 680 
1320 1370 
310 1350 
1280 1440 
570 1440 
1370 1400 
920 1150 
530 1150 
1360 1410 
1390 1400 
1340 1390 
560 1020 
580 930 
580 1410 
780 1260 
1290 1360 
460 1010 
830 1170 
870 940 
530 1100 
1290 1300 
570 1030 
1310 1390 
710 1360 
270 1280 
1060 1350 
740 1380 
860 1310 
580 1010 
640 1050 
410 980 
430 1220 
1180 1190 
1410 1430 
1230 1270 
1200 1340 
1200 1320 
10 140 
1010 1250 
720 1290 
1310 1430 
740 1040 
730 800 
250 1230 
1000 1080 
280 300 
870 910 
910 930 
1310 1430 
440 1350 
1010 1310 
10 460 
1340 1390 
110 1340 
780 1010 
400 680 
430 940 
1280 1430 
1170 1380 
140 170 
640 910 
1330 1340 
1170 1440 
500 570 
180 440 
450 780 
530 1230 
300 770 
1140 1380 
290 1130 
1330 1340 
1050 1230 
330 1110 
800 1330 
1340 1410 
360 1070 
60 1340 
170 220 
680 1230 
580 900 
450 810 
120 830 
1390 1420 
530 550 
1190 1320 
1430 1440 
20 110 
1370 1430 
890 930 
30 1120 
210 830 
120 280 
620 1270 
1180 1210 
1050 1060 
920 1360 
560 790 
840 960 
110 530 
1380 1420 
390 1140 
870 1310 
920 1000 
20 1190 
370 650 
340 450 
1270 1410 
800 1360 
270 650 
580 1360 
170 1160 
510 770 
1220 1380 
1350 1430 
1090 1400 
30 290 
870 1130 
320 410 
470 1240 
570 1160 
530 930 
30 280 
750 760 
1290 1320 
1110 1120 
750 820 
590 1200 
980 1270 
1380 1430 
500 1150 
120 530 
270 410 
820 850 
700 840 
560 1190 
910 1160 
910 1430 
450 890 
920 1400 
110 850 
1010 1220 
690 1380 
840 1380 
10 790 
1230 1280 
780 1090 
120 140 
450 1030 
180 1200 
260 360 
680 950 
30 540 
1020 1300 
1040 1190 
1150 1380 
1410 1420 
1060 1130 
1240 1310 
1130 1240 
150 690 
290 1430 
20 660 
760 830 
60 120 
930 1370 
1290 1340 
1030 1150 
850 1200 
1320 1430 
10 290 
1100 1300 
130 340 
670 1410 
90 550 
170 580 
1170 1320 
1110 1310 
760 810 
1300 1380 
280 1430 
930 1060 
1020 1300 
1400 1430 
190 1100 
220 430 
250 520 
1310 1330 
480 730 
1100 1230 
1070 1300 
870 1010 
10 840 
840 1030 
870 1440 
250 850 
200 1140 
480 560 
80 370 
1020 1400 
1080 1280 
910 1420 
1170 1440 
420 920 
610 810 
290 830 
1380 1390 
310 530 
1000 1170 
1020 1110 
410 1060 
1140 1300 
1370 1380 
750 780 
120 1110 
1210 1410 
1250 1350 
1310 1410 
850 1140 
1250 1420 
1020 1100 
770 950 
60 760 
390 1340 
870 1340 
470 1340 
10 900 
160 1110 
460 1120 
1110 1390 
1230 1370 
1050 1350 
80 1420 
820 1260 
720 990 
1320 1390 
490 990 
10 780 
1160 1440 
700 1070 
200 1290 
830 1150 
100 930 
650 1390 
240 400 
1150 1420 
400 950 
130 1290 
1430 1440 
630 1350 
1220 1320 
690 1200 
350 990 
1210 1240 
600 960 
580 1010 
300 830 
510 890 
20 370 
950 1370 
710 930 
400 890 
1050 1220 
980 1170 
80 570 
680 1310 
1290 1310 
980 1000 
680 860 
1260 1280 
390 570 
480 530 
720 1150 
330 1340 
1000 1210 
130 680 
770 1300 
80 1210 
520 1230 
280 1380 
1340 1430 
1400 1410 
1110 1300 
30 340 
1320 1380 
160 450 
400 1060 
1270 1360 
1200 1280 
550 850 
1120 1210 
1160 1190 
730 880 
100 340 
540 670 
1270 1440 
550 580 
1240 1420 
50 1400 
1120 1310 
650 1090 
1090 1110 
950 1370 
760 970 
370 690 
180 630 
950 1200 
140 1370 
810 1020 
1090 1230 
110 1380 
1280 1410 
220 790 
180 910 
470 930 
70 80 
940 1300 
600 880 
900 1380 
1340 1360 
980 1320 
1090 1130 
1350 1360 
510 710 
1240 1280 
820 1220 
340 950 
1250 1340 
430 970 
860 1030 
290 1300 
950 970 
380 550 
610 830 
600 1030 
350 470 
640 1200 
1030 1230 
270 1400 
560 950 
710 980 
100 140 
1340 1440 
590 1410 
1110 1400 
630 1090 
1380 1430 
110 460 
720 830 
1000 1150 
910 1000 
1380 1420 
110 780 
410 1400 
290 1410 
1340 1440 
680 1300 
680 860 
700 1430 
300 450 
540 1190 
160 1370 
1040 1270 
1040 1170 
360 590 
340 1050 
330 720 
500 1040 
840 1410 
100 440 
480 1190 
1150 1210 
300 1190 
150 720 
1370 1430 
300 1030 
440 820 
1300 1370 
1430 1440 
500 700 
550 1230 
90 850 
440 1010 
1170 1290 
950 1280 
1050 1190 
970 1110 
910 1410 
470 550 
680 1360 
260 530 
390 1210 
450 1230 
940 980 
100 760 
1040 1440 
440 950 
850 940 
100 800 
380 850 
360 1440 
350 520 
400 1150 
140 700 
920 940 
1320 1420 
1080 1440 
960 980 
350 960 
510 1240 
590 1200 
130 290 
320 380 
400 480 
870 1310 
140 1350 
630 1340 
130 610 
1140 1290 
780 870 
980 1000 
1360 1380 
1330 1440 
200 660 
160 880 
520 1110 
1290 1330 
1010 1430 
70 870 
230 990 
1340 1350 
880 1020 
1270 1420 
710 1100 
360 410 
220 550 
250 950 
370 1010 
860 960 
150 380 
670 1070 
520 680 
340 970 
130 1060 
820 1420 
980 1120 
680 980 
220 730 
550 780 
940 1320 
1110 1180 
430 1430 
420 1150 
920 1330 
1000 1440 
1230 1340 
1110 1270 
1350 1430 
1140 1150 
370 790 
30 1010 
1210 1310 
520 800 
1070 1150 
890 1210 
1060 1250 
100 550 
200 1280 
180 920 
1090 1170 
840 1190 
600 1150 
900 1280 
1100 1120 
940 980 
880 1000 
560 920 
330 520 
250 1350 
1420 1430 
670 680 
100 310 
170 1300 
460 540 
110 1080 
520 640 
840 1110 
700 1130 
720 1130 
900 1180 
1370 1440 
1160 1190 
660 1050 
880 1170 
770 1400 
680 1400 
1320 1400 
600 1050 
800 820 
1120 1370 
1380 1420 
940 1060 
590 1290 
400 550 
280 1050 
570 800 
1100 1380 
1250 1340 
1060 1250 
980 1010 
410 800 
1330 1390 
620 1230 
1390 1440 
30 1390 
1240 1370 
1150 1160 
680 1370 
400 840 
130 1410 
1270 1440 
880 1320 
550 1080 
1000 1040 
500 880 
750 790 
90 980 
880 980 
690 1180 
790 1440 
860 1360 
1180 1280 
320 490 
750 1280 
50 1210 
1240 1250 
1300 1380 
500 810