133
3718 318 2669
907 2659 6302
4889 2970 740
1342 4461 6889
1062 1031 2672
391 1894 6331
890 424 7279
1196 502 1470
183 3168 3493
473 2963 5122
1370 4939 6837
2973 2096 6721
1235 1279 2651
2566 844 1048
2476 2716 341
2258 1772 308
3502 3195 636
1848 2700 4589
1680 3325 1242
1811 4317 4998
3951 2252 1272
4338 1381 6766
2123 263 697
4492 352 961
4796 3047 4753
2799 1655 6947
2139 4064 3440
2884 2790 7855
60 2050 5601
240 346 452
2676 4725 2691
12 3505 2631
3022 662 7014
4052 4206 5961
3336 4940 624
1727 2740 7541
3864 2609 9853
1617 4469 1550
3365 1380 2713
2367 3971 5204
4289 2526 1868
437 4613 1708
2388 3715 9505
3969 557 4211
4891 1505 3296
1000 3157 9410
3630 4630 2537
2469 3897 9542
4607 4380 7419
3948 2651 6734
270 4124 7474
1667 843 269
4098 2072 2157
3155 3903 9114
840 2109 2752
979 1924 9373
429 4384 2085
4491 3271 3197
3733 4442 387
3003 832 1102
4266 144 8825
374 2554 9512
759 1147 7980
4177 2830 2648
2171 1508 5862
2202 458 6167
2174 4593 9011
114 3890 3064
613 3342 5664
295 124 2493
735 2703 6777
3459 3099 1039
3036 417 8373
1767 934 7751
407 1762 8054
4960 1893 7711
2026 41 8697
642 3949 2073
4391 4094 9962
3113 4318 7504
4260 3582 9478
173 3935 5347
4362 604 3928
2934 4092 7644
2922 2226 8012
1653 1968 6940
4218 2648 3909
2278 1816 6492
4748 1386 7422
232 4646 6968
4448 3034 6993
1031 4068 2573
2580 3294 3688
3175 3439 5063
3959 4857 5223
3479 1969 6986
2228 959 7491
3553 1449 9545
431 1610 6438
590 2632 5854
1792 3973 4367
3998 235 872
997 2422 8205
373 1066 6693
3526 59 7815
530 3616 9506
4846 364 2259
2981 376 2348
4553 3907 1325
2522 489 3344
3198 2301 5764
4167 1112 4877
4168 711 7611
3528 395 8719
438 2350 6457
4369 666 6243
2937 90 2402
1487 3560 9123
4101 2139 3138
4165 3850 9429
4435 2185 2206
1512 3407 277
4082 1235 9243
4980 2031 3087
2162 1374 411
3533 764 6552
4711 3273 7440
1679 4546 451
326 1363 8499
2901 3237 8315
1430 898 9504
141 3755 3739
2509 1351 9726